0 0.13046875 0.1640625 0.1203125 0.19609375
0 0.275 0.16015625 0.075 0.1359375
0 0.35703125 0.1703125 0.13046875 0.2078125
0 0.46640625 0.26171875 0.05859375 0.09609375
0 0.49765625 0.34375 0.0796875 0.10390625
0 0.5296875 0.39765625 0.05078125 0.07578125
0 0.584375 0.4421875 0.07734375 0.1078125
0 0.70390625 0.52421875 0.04296875 0.05234375
0 0.72109375 0.628125 0.0453125 0.05234375
0 0.75859375 0.49375 0.0296875 0.03203125
0 0.734375 0.465625 0.0296875 0.04765625
0 0.65859375 0.465625 0.0296875 0.0359375
0 0.6375 0.43828125 0.0265625 0.04765625
0 0.671875 0.4421875 0.0296875 0.05234375
0 0.775 0.4359375 0.0265625 0.03203125