0 0.1 0.425 0.046875 0.059375
0 0.06328125 0.425 0.040625 0.05546875
0 0.0296875 0.47890625 0.059375 0.0796875
0 0.25546875 0.48984375 0.06796875 0.071875
0 0.43359375 0.46484375 0.0375 0.05
0 0.3546875 0.528125 0.053125 0.06484375
0 0.28671875 0.45078125 0.0375 0.05
0 0.36015625 0.45859375 0.04296875 0.05
0 0.159375 0.459375 0.0265625 0.03671875
0 0.28515625 0.71015625 0.265625 0.3609375
0 0.496875 0.553125 0.0265625 0.04609375
0 0.490625 0.51171875 0.025 0.04296875
0 0.6265625 0.475 0.2125 0.24453125
0 0.8265625 0.403125 0.2390625 0.26484375
0 0.3109375 0.4203125 0.034375 0.04609375
0 0.46953125 0.54609375 0.02890625 0.0296875
0 0.434375 0.5265625 0.028125 0.0296875
0 0.39375 0.45390625 0.01796875 0.040625
0 0.503125 0.47578125 0.01953125 0.03515625
0 0.94765625 0.50078125 0.028125 0.03515625
0 0.98984375 0.46015625 0.01953125 0.0296875
0 0.96171875 0.68984375 0.0765625 0.109375
0 0.0140625 0.57578125 0.028125 0.06875