0 0.0890625 0.38671875 0.178125 0.203125
0 0.89765625 0.3953125 0.2015625 0.25
0 0.3359375 0.5890625 0.29140625 0.2984375
0 0.71796875 0.34453125 0.2265625 0.21796875
0 0.540625 0.665625 0.178125 0.18203125
0 0.109375 0.55078125 0.2015625 0.171875
0 0.3078125 0.36328125 0.18203125 0.203125
0 0.53046875 0.36796875 0.2015625 0.2203125
0 0.89140625 0.6125 0.20703125 0.2046875
0 0.4359375 0.44921875 0.128125 0.13203125
0 0.6046875 0.4921875 0.1734375 0.1984375
0 0.2109375 0.44765625 0.1515625 0.15859375
0 0.7171875 0.67109375 0.175 0.16796875
0 0.75703125 0.50546875 0.19296875 0.2015625