0 0.18984375 0.865625 0.36796875 0.26171875
0 0.375 0.95078125 0.36875 0.09765625
0 0.559375 0.82890625 0.24140625 0.1953125
0 0.809375 0.91484375 0.24453125 0.165625
0 0.15 0.6828125 0.29921875 0.13515625
0 0.31796875 0.6265625 0.4875 0.25546875
0 0.7484375 0.65625 0.43359375 0.22578125
0 0.884375 0.72265625 0.23046875 0.17421875
0 0.0609375 0.4265625 0.121875 0.1578125
0 0.10078125 0.534375 0.2015625 0.1125
0 0.61640625 0.53125 0.30703125 0.26953125
0 0.88984375 0.53203125 0.2203125 0.19375
0 0.8078125 0.37109375 0.3359375 0.175
0 0.38515625 0.40625 0.60546875 0.2703125
0 0.54375 0.26328125 0.2828125 0.1359375
0 0.0703125 0.22421875 0.13984375 0.1875
0 0.2015625 0.28984375 0.375 0.1296875
0 0.9453125 0.190625 0.10859375 0.1484375
0 0.37109375 0.1140625 0.39140625 0.153125
0 0.14375 0.06640625 0.2875 0.1328125
0 0.79375 0.109375 0.296875 0.21796875
0 0.61640625 0.16484375 0.30703125 0.0890625
0 0.81171875 0.25 0.2671875 0.08046875