0 0.096875 0.7734375 0.08125 0.1390625
0 0.33984375 0.70390625 0.06171875 0.0875
0 0.28359375 0.603125 0.034375 0.0671875
0 0.17734375 0.59765625 0.05390625 0.071875
0 0.57109375 0.6546875 0.05390625 0.071875
0 0.54609375 0.8375 0.0734375 0.07734375
0 0.646875 0.75 0.04609375 0.06171875
0 0.92109375 0.42265625 0.034375 0.0515625
0 0.8609375 0.45390625 0.0421875 0.05703125
0 0.96328125 0.55703125 0.0421875 0.06171875
0 0.984375 0.47421875 0.03125 0.0515625
0 0.80703125 0.5125 0.03125 0.04609375
0 0.69140625 0.53359375 0.05 0.05703125
0 0.61171875 0.59296875 0.05390625 0.0671875
0 0.63671875 0.54609375 0.04609375 0.05703125
0 0.6140625 0.48203125 0.03125 0.04609375
0 0.55390625 0.4484375 0.0421875 0.05703125
0 0.5 0.41484375 0.0421875 0.05703125
0 0.50546875 0.575 0.05390625 0.05703125
0 0.42890625 0.52578125 0.03828125 0.0515625
0 0.49609375 0.52578125 0.034375 0.05703125
0 0.3609375 0.54140625 0.05390625 0.05703125
0 0.278125 0.5125 0.03828125 0.0515625
0 0.32421875 0.471875 0.034375 0.04609375
0 0.23515625 0.5234375 0.034375 0.06171875
0 0.19140625 0.50234375 0.0421875 0.05703125
0 0.1 0.53125 0.04609375 0.05703125
0 0.040625 0.55390625 0.034375 0.05703125
0 0.040625 0.44296875 0.0421875 0.06171875
0 0.08671875 0.46640625 0.0421875 0.05703125
0 0.2046875 0.46875 0.0421875 0.04609375
0 0.22578125 0.4484375 0.034375 0.05703125
0 0.30703125 0.41484375 0.034375 0.0515625
0 0.42265625 0.46875 0.02734375 0.0359375
0 0.58125 0.40703125 0.04609375 0.04140625
0 0.63671875 0.396875 0.03828125 0.04140625
0 0.621875 0.428125 0.04609375 0.05703125
0 0.69296875 0.45625 0.03125 0.05703125
0 0.728125 0.425 0.034375 0.04609375
0 0.746875 0.39921875 0.03125 0.0515625
0 0.83046875 0.4046875 0.03125 0.04609375
0 0.7953125 0.39921875 0.03125 0.0359375
0 0.4265625 0.40234375 0.03125 0.0359375
0 0.39609375 0.40234375 0.034375 0.05703125
0 0.38984375 0.4484375 0.02734375 0.0515625
0 0.34921875 0.4125 0.03125 0.04609375
0 0.10625 0.3890625 0.0421875 0.0515625