0 0.5453125 0.79921875 0.0859375 0.1421875
0 0.86640625 0.90703125 0.0984375 0.1625
0 0.6515625 0.7625 0.084375 0.1359375
0 0.22890625 0.75390625 0.09140625 0.11875
0 0.76953125 0.675 0.08125 0.11875
0 0.43828125 0.69765625 0.07421875 0.11875
0 0.5296875 0.9296875 0.07421875 0.12890625
0 0.33984375 0.675 0.0671875 0.09609375
0 0.2203125 0.63828125 0.06015625 0.07890625
0 0.3078125 0.7515625 0.0671875 0.12421875
0 0.4859375 0.6328125 0.04921875 0.07890625
0 0.08828125 0.94921875 0.0703125 0.090625
0 0.60078125 0.63359375 0.04453125 0.065625
0 0.95625 0.96328125 0.053125 0.0734375
0 0.6515625 0.6359375 0.04921875 0.0625
0 0.7234375 0.5875 0.04609375 0.06796875
0 0.17109375 0.64140625 0.0390625 0.0734375
0 0.0375 0.6390625 0.03359375 0.04609375
0 0.03984375 0.6015625 0.0234375 0.03203125
0 0.08125 0.84765625 0.08046875 0.08046875
0 0.39921875 0.90703125 0.06953125 0.13203125
0 0.33046875 0.6109375 0.03203125 0.04609375
0 0.38515625 0.62421875 0.025 0.04140625
0 0.41953125 0.6375 0.03203125 0.034375
0 0.56328125 0.5859375 0.04375 0.05078125
0 0.53203125 0.5953125 0.02421875 0.04765625
0 0.64140625 0.5859375 0.02734375 0.05078125
0 0.06171875 0.73125 0.0515625 0.06796875
0 0.009375 0.87578125 0.01796875 0.09140625
0 0.83125 0.62265625 0.053125 0.07890625
0 0.92890625 0.63828125 0.05078125 0.05625
0 0.87734375 0.55703125 0.02890625 0.05390625
0 0.7203125 0.6859375 0.034375 0.0421875
0 0.9578125 0.56640625 0.025 0.05390625
0 0.765625 0.54921875 0.0234375 0.0421875
0 0.70390625 0.5515625 0.02578125 0.04765625
0 0.44765625 0.56953125 0.02421875 0.03828125