0 0.17421875 0.80234375 0.271875 0.25234375
0 0.1203125 0.428125 0.1921875 0.26015625
0 0.4578125 0.55 0.21171875 0.21171875
0 0.26015625 0.6078125 0.20390625 0.1796875
0 0.3 0.39609375 0.3 0.30390625
0 0.1796875 0.2078125 0.16796875 0.2203125
0 0.34375 0.1640625 0.16015625 0.2359375
0 0.53203125 0.4078125 0.2 0.2078125
0 0.6640625 0.471875 0.23203125 0.284375
0 0.83828125 0.53203125 0.22421875 0.215625
0 0.91171875 0.44765625 0.17578125 0.2
0 0.82578125 0.32421875 0.184375 0.2
0 0.53828125 0.271875 0.22421875 0.15234375
0 0.49765625 0.1859375 0.1921875 0.17578125
0 0.4078125 0.0703125 0.17578125 0.1359375
0 0.72421875 0.178125 0.2796875 0.3
0 0.9078125 0.22578125 0.184375 0.228125