0 0.0390625 0.1984375 0.078125 0.321875
0 0.96171875 0.4359375 0.05625 0.16796875
0 0.8703125 0.14765625 0.153125 0.2953125
0 0.4078125 0.7328125 0.04765625 0.11796875
0 0.0375 0.70390625 0.075 0.23984375
0 0.30390625 0.884375 0.08515625 0.215625
0 0.771875 0.884375 0.08203125 0.215625
0 0.25234375 0.825 0.04453125 0.11015625
0 0.86875 0.74296875 0.04765625 0.1140625
0 0.95234375 0.72421875 0.09140625 0.29609375
0 0.1796875 0.84296875 0.06015625 0.15390625
0 0.065625 0.59609375 0.053125 0.2
0 0.96875 0.86796875 0.05703125 0.24765625
0 0.08125 0.884375 0.0625 0.16796875
0 0.6375 0.86328125 0.06328125 0.16171875
0 0.47265625 0.92265625 0.0625 0.13828125
0 0.0203125 0.915625 0.03984375 0.15234375
0 0.53828125 0.9078125 0.06953125 0.184375
0 0.13515625 0.91328125 0.04453125 0.10625
0 0.1484375 0.96953125 0.0375 0.0609375
0 0.09921875 0.9640625 0.0515625 0.071875
0 0.19921875 0.94609375 0.03984375 0.10234375
0 0.25703125 0.96796875 0.0546875 0.0640625
0 0.38203125 0.928125 0.06171875 0.140625
0 0.409375 0.859375 0.06015625 0.146875
0 0.44140625 0.9296875 0.0296875 0.140625
0 0.53828125 0.7984375 0.04453125 0.04765625
0 0.5921875 0.91328125 0.0375 0.10234375
0 0.609375 0.978125 0.04296875 0.04296875
0 0.7125 0.82890625 0.03828125 0.1140625
0 0.71953125 0.96796875 0.0421875 0.0640625
0 0.840625 0.93359375 0.059375 0.1328125
0 0.8703125 0.85703125 0.0578125 0.1390625
0 0.903125 0.9078125 0.0421875 0.0859375
0 0.909375 0.9703125 0.046875 0.059375