0 0.7359375 0.92421875 0.378125 0.14375
0 0.52265625 0.659375 0.159375 0.1234375
0 0.20625 0.5875 0.1640625 0.1390625
0 0.8359375 0.6375 0.19921875 0.13515625
0 0.65 0.59765625 0.07265625 0.05546875
0 0.35078125 0.6515625 0.14453125 0.115625
0 0.97421875 0.55234375 0.0515625 0.0828125
0 0.06953125 0.5796875 0.11953125 0.09921875
0 0.5 0.54765625 0.1140625 0.08359375
0 0.0375 0.76640625 0.075 0.18828125
0 0.25625 0.74140625 0.134375 0.14375
0 0.9734375 0.68125 0.053125 0.03515625
0 0.63828125 0.671875 0.08125 0.04296875
0 0.325 0.78125 0.10390625 0.10546875
0 0.05625 0.67265625 0.1125 0.1015625
0 0.39453125 0.5640625 0.065625 0.046875
0 0.5796875 0.53203125 0.06171875 0.059375
0 0.6234375 0.5125 0.046875 0.040625
0 0.68203125 0.4984375 0.08125 0.06796875
0 0.7109375 0.5546875 0.059375 0.04453125
0 0.765625 0.5453125 0.05625 0.0515625
0 0.8390625 0.54609375 0.07109375 0.046875
0 0.04609375 0.47578125 0.09140625 0.06015625
0 0.21953125 0.5109375 0.0609375 0.0375
0 0.31015625 0.51484375 0.075 0.0515625
0 0.44609375 0.46875 0.05703125 0.04765625
0 0.7546875 0.45 0.04609375 0.03203125
0 0.14140625 0.49921875 0.05625 0.04453125
0 0.21953125 0.43828125 0.03984375 0.028125
0 0.921875 0.55 0.06171875 0.0375
0 0.2578125 0.48828125 0.0390625 0.03125
0 0.375 0.4421875 0.04140625 0.0359375
0 0.50546875 0.47578125 0.04375 0.034375
0 0.55390625 0.46015625 0.04453125 0.0265625
0 0.62421875 0.44375 0.04375 0.025
0 0.82421875 0.3984375 0.03671875 0.03046875
0 0.83984375 0.44140625 0.03359375 0.025
0 0.79140625 0.4640625 0.03671875 0.03125
0 0.896875 0.465625 0.03359375 0.02265625
0 0.540625 0.42734375 0.04140625 0.0265625