0 0.1421875 0.51015625 0.2375 0.3
0 0.01875 0.42265625 0.0375 0.0875
0 0.1 0.32734375 0.109375 0.12890625
0 0.2875 0.27109375 0.065625 0.07890625
0 0.2921875 0.36875 0.065625 0.1125
0 0.2375 0.36640625 0.05 0.075
0 0.2046875 0.2875 0.053125 0.075
0 0.1359375 0.15234375 0.040625 0.0625
0 0.103125 0.125 0.040625 0.05
0 0.0515625 0.14609375 0.025 0.03359375
0 0.0265625 0.14140625 0.0375 0.04609375
0 0.1734375 0.21484375 0.0375 0.075
0 0.2078125 0.15625 0.0375 0.04609375
0 0.2609375 0.2 0.03125 0.0375
0 0.2171875 0.21640625 0.028125 0.0375
0 0.4296875 0.48125 0.196875 0.25859375
0 0.3921875 0.31015625 0.140625 0.15390625
0 0.46875 0.31484375 0.05625 0.0875
0 0.559375 0.24375 0.065625 0.075
0 0.6953125 0.26640625 0.09375 0.15
0 0.59375 0.375 0.14375 0.175
0 0.7859375 0.5 0.19375 0.23359375
0 0.88125 0.36015625 0.115625 0.14140625
0 0.94375 0.40234375 0.1125 0.25390625
0 0.809375 0.25 0.065625 0.07109375
0 0.84375 0.2625 0.040625 0.07890625
0 0.88125 0.23125 0.040625 0.05390625
0 0.6140625 0.20234375 0.021875 0.03359375
0 0.5796875 0.2 0.021875 0.0375
0 0.6296875 0.2375 0.028125 0.04140625
0 0.35 0.17734375 0.03125 0.04140625
0 0.4140625 0.16640625 0.03125 0.0375
0 0.4609375 0.17734375 0.03125 0.05
0 0.4671875 0.22109375 0.028125 0.0375
0 0.5015625 0.18984375 0.0375 0.04609375
0 0.5796875 0.14765625 0.021875 0.02890625
0 0.675 0.16484375 0.028125 0.04609375
0 0.771875 0.17734375 0.028125 0.0375
0 0.9296875 0.20859375 0.03125 0.0375
0 0.9515625 0.22890625 0.034375 0.04140625
0 0.303125 0.18125 0.040625 0.05390625
0 0.078125 0.21640625 0.040625 0.05859375