0 0.51640625 0.63203125 0.10390625 0.196875
0 0.63671875 0.81796875 0.13515625 0.25
0 0.815625 0.41328125 0.09765625 0.16015625
0 0.909375 0.51796875 0.10234375 0.18984375
0 0.70625 0.2 0.06640625 0.11328125
0 0.33984375 0.528125 0.08359375 0.18984375
0 0.284375 0.86484375 0.15234375 0.26328125
0 0.08671875 0.8734375 0.11484375 0.23359375
0 0.58515625 0.18515625 0.06640625 0.103125
0 0.85703125 0.2 0.07265625 0.10703125
0 0.92109375 0.3234375 0.0875 0.13984375
0 0.290625 0.346875 0.07734375 0.13984375
0 0.41875 0.2984375 0.05859375 0.103125
0 0.11328125 0.5953125 0.14375 0.2234375
0 0.11328125 0.3 0.06484375 0.1203125
0 0.46640625 0.18671875 0.04609375 0.09296875
0 0.46796875 0.86328125 0.16484375 0.2734375
0 0.69296875 0.58828125 0.11875 0.18984375
0 0.63515625 0.4234375 0.08359375 0.153125
0 0.49765625 0.38984375 0.10390625 0.1203125
0 0.14609375 0.4515625 0.075 0.15