0 0.2203125 0.66953125 0.41796875 0.65390625
0 0.08515625 0.2828125 0.11640625 0.1953125
0 0.13984375 0.10390625 0.09453125 0.2015625
0 0.28125 0.11953125 0.11953125 0.2203125
0 0.484375 0.453125 0.17265625 0.34609375
0 0.63515625 0.7265625 0.1953125 0.39609375
0 0.88203125 0.56328125 0.15703125 0.2828125
0 0.83671875 0.36796875 0.16015625 0.2953125
0 0.7015625 0.34921875 0.10703125 0.2140625
0 0.95859375 0.23828125 0.0828125 0.2578125
0 0.8015625 0.05 0.05625 0.1
0 0.86328125 0.06640625 0.07578125 0.13203125
0 0.63984375 0.06640625 0.07265625 0.13203125
0 0.553125 0.16953125 0.09140625 0.17578125
0 0.4765625 0.12578125 0.06640625 0.13203125
0 0.44375 0.2453125 0.08515625 0.15703125
0 0.3921875 0.04375 0.0625 0.0875