0 0.353125 0.94921875 0.1453125 0.0953125
0 0.70390625 0.7296875 0.1140625 0.0984375
0 0.58515625 0.9625 0.1328125 0.06875
0 0.85078125 0.69375 0.1203125 0.08125
0 0.70859375 0.94921875 0.1328125 0.0953125
0 0.959375 0.7703125 0.0734375 0.10625
0 0.20859375 0.52578125 0.0765625 0.0578125
0 0.084375 0.559375 0.121875 0.0859375
0 0.85859375 0.5671875 0.075 0.0703125
0 0.78046875 0.56640625 0.08125 0.065625
0 0.6703125 0.634375 0.0984375 0.0859375
0 0.359375 0.7109375 0.10625 0.103125
0 0.42734375 0.49296875 0.0640625 0.0546875
0 0.93203125 0.5015625 0.06875 0.0578125
0 0.93828125 0.45234375 0.05625 0.0484375
0 0.25078125 0.58125 0.09375 0.0671875
0 0.20390625 0.6921875 0.0765625 0.1078125
0 0.28046875 0.65 0.0859375 0.075
0 0.73828125 0.63125 0.0734375 0.078125
0 0.0828125 0.8453125 0.115625 0.1125
0 0.70390625 0.48828125 0.0546875 0.0578125
0 0.84453125 0.51015625 0.0640625 0.0546875
0 0.47421875 0.4453125 0.05625 0.0484375
0 0.29140625 0.46953125 0.046875 0.0546875
0 0.79375 0.503125 0.046875 0.046875
0 0.99140625 0.4609375 0.0171875 0.0515625
0 0.96640625 0.578125 0.05 0.06875
0 0.5296875 0.4640625 0.046875 0.0375
0 0.359375 0.49140625 0.05625 0.0453125
0 0.90234375 0.73984375 0.0859375 0.0578125
0 0.1171875 0.45859375 0.046875 0.0375
0 0.31953125 0.59375 0.0515625 0.0375
0 0.059375 0.44921875 0.0421875 0.034375
0 0.13828125 0.68359375 0.05625 0.06875
0 0.99140625 0.6125 0.0171875 0.08125
0 0.409375 0.4625 0.0328125 0.0234375
0 0.12734375 0.48671875 0.0296875 0.028125
0 0.43203125 0.43671875 0.0359375 0.0234375
0 0.728125 0.534375 0.0671875 0.05
0 0.77265625 0.421875 0.0390625 0.0296875
0 0.2859375 0.43203125 0.0390625 0.0296875
0 0.3578125 0.4203125 0.0359375 0.0234375
0 0.23828125 0.43046875 0.03125 0.021875
0 0.146875 0.43828125 0.0296875 0.025
0 0.13046875 0.428125 0.0296875 0.025
0 0.0296875 0.47265625 0.05 0.034375
0 0.36640625 0.69140625 0.1109375 0.090625
0 0.1921875 0.440625 0.0359375 0.0265625
0 0.6140625 0.47265625 0.04375 0.0546875