0 0.6515625 0.0953125 0.19375 0.190625
0 0.36171875 0.11484375 0.1640625 0.2296875
0 0.9328125 0.0953125 0.134375 0.190625
0 0.221875 0.4671875 0.1015625 0.1578125
0 0.13671875 0.86875 0.1640625 0.2296875
0 0.221875 0.1828125 0.09375 0.1375
0 0.03671875 0.70234375 0.0734375 0.203125
0 0.16796875 0.03515625 0.1203125 0.0703125
0 0.0765625 0.31171875 0.153125 0.3828125
0 0.0875 0.56015625 0.0875 0.1375
0 0.02890625 0.9015625 0.0578125 0.1859375
0 0.50859375 0.0296875 0.0953125 0.059375
0 0.0453125 0.0515625 0.090625 0.103125