0 0.109375 0.76796875 0.11484375 0.1953125
0 0.23125 0.72890625 0.1 0.1828125
0 0.34609375 0.73359375 0.05859375 0.10234375
0 0.40703125 0.71171875 0.07265625 0.115625
0 0.60859375 0.73359375 0.09609375 0.16015625
0 0.940625 0.77734375 0.11015625 0.1890625
0 0.496875 0.8109375 0.09765625 0.21796875
0 0.334375 0.58203125 0.05234375 0.08046875
0 0.296875 0.6296875 0.07265625 0.08046875
0 0.684375 0.58671875 0.06015625 0.08984375
0 0.909375 0.65234375 0.05234375 0.1125
0 0.19765625 0.6234375 0.04140625 0.0609375
0 0.571875 0.621875 0.04765625 0.08359375
0 0.10390625 0.60546875 0.05859375 0.0640625
0 0.03359375 0.60546875 0.0625 0.08359375
0 0.44140625 0.58984375 0.04609375 0.0703125
0 0.259375 0.5640625 0.03125 0.0515625