0 0.865625 0.5296875 0.25625 0.3375
0 0.265625 0.15 0.38125 0.21875
0 0.2421875 0.846875 0.48125 0.3015625
0 0.50625 0.475 0.225 0.1140625
0 0.3625 0.51875 0.1625 0.0828125
0 0.7453125 0.93671875 0.159375 0.0515625
0 0.878125 0.8703125 0.11875 0.0578125
0 0.1484375 0.5171875 0.0671875 0.025
0 0.12890625 0.6890625 0.2578125 0.11875
0 0.9828125 0.8875 0.034375 0.0484375
0 0.7875 0.86875 0.0875 0.0484375
0 0.703125 0.83359375 0.09375 0.0421875
0 0.934375 0.83984375 0.08125 0.0421875
0 0.071875 0.175 0.14375 0.10625
0 0.6828125 0.2015625 0.3125 0.1484375
0 0.93515625 0.278125 0.1296875 0.090625
0 0.8875 0.16875 0.16875 0.0875
0 0.5265625 0.23515625 0.128125 0.06875
0 0.12890625 0.290625 0.2578125 0.065625
0 0.18359375 0.54140625 0.0640625 0.034375
0 0.1265625 0.53984375 0.05625 0.025
0 0.040625 0.5328125 0.040625 0.021875
0 0.078125 0.6046875 0.0484375 0.0234375
0 0.31875 0.6328125 0.1265625 0.065625
0 0.4453125 0.875 0.396875 0.25
0 0.37265625 0.775 0.1859375 0.0890625
0 0.80234375 0.82578125 0.0703125 0.0328125
0 0.68828125 0.89375 0.0765625 0.0359375
0 0.37890625 0.0359375 0.153125 0.05
0 0.046875 0.015625 0.09375 0.03125
0 0.14296875 0.034375 0.1046875 0.0328125