0 0.53125 0.79375 0.08125 0.10625
0 0.93046875 0.890625 0.1046875 0.15
0 0.36484375 0.828125 0.07265625 0.10625
0 0.16171875 0.8171875 0.07265625 0.115625
0 0.265625 0.7359375 0.04921875 0.096875
0 0.67734375 0.81875 0.053125 0.1125
0 0.684375 0.71875 0.03828125 0.0875
0 0.1703125 0.690625 0.05546875 0.0875
0 0.04140625 0.8390625 0.0703125 0.109375
0 0.05 0.6453125 0.04453125 0.078125
0 0.634375 0.6796875 0.040625 0.071875
0 0.4328125 0.6703125 0.04296875 0.053125
0 0.39453125 0.9375 0.0640625 0.10625
0 0.2796875 0.6390625 0.04296875 0.059375
0 0.784375 0.65 0.03828125 0.0625
0 0.50390625 0.66875 0.040625 0.0625
0 0.06171875 0.5734375 0.0296875 0.059375
0 0.3734375 0.6390625 0.03828125 0.046875
0 0.96171875 0.6078125 0.02578125 0.053125
0 0.8109375 0.94765625 0.090625 0.1046875