0 0.2375 0.45625 0.24609375 0.33125
0 0.56796875 0.5421875 0.05234375 0.084375
0 0.9625 0.69375 0.0625 0.1
0 0.56640625 0.440625 0.0375 0.05625
0 0.41484375 0.5890625 0.05 0.065625
0 0.384375 0.525 0.03515625 0.05
0 0.03828125 0.45625 0.05625 0.08125
0 0.4 0.4734375 0.0375 0.046875
0 0.90078125 0.6640625 0.03515625 0.084375
0 0.90703125 0.5125 0.03515625 0.05
0 0.7875 0.484375 0.04140625 0.05
0 0.503125 0.50625 0.05234375 0.05625
0 0.49375 0.453125 0.02890625 0.04375
0 0.8515625 0.4453125 0.0296875 0.03984375