0 0.0671875 0.42109375 0.0203125 0.0421875
0 0.0703125 0.3875 0.021875 0.0390625
0 0.06875 0.3609375 0.02421875 0.03359375
0 0.025 0.3625 0.0203125 0.03359375
0 0.1171875 0.3890625 0.021875 0.0421875
0 0.0953125 0.38671875 0.02421875 0.03359375
0 0.12109375 0.45625 0.0296875 0.0515625
0 0.178125 0.37578125 0.02578125 0.03046875
0 0.17890625 0.46328125 0.0140625 0.0484375
0 0.2359375 0.47109375 0.03828125 0.0515625
0 0.278125 0.46953125 0.0359375 0.0546875
0 0.30078125 0.38671875 0.02578125 0.02734375
0 0.3359375 0.3921875 0.01796875 0.03046875
0 0.3 0.66796875 0.01796875 0.03046875
0 0.32265625 0.47421875 0.03828125 0.0578125
0 0.03515625 0.4 0.02421875 0.0421875
0 0.26484375 0.41328125 0.028125 0.0453125
0 0.4359375 0.4078125 0.0421875 0.0578125
0 0.47421875 0.40625 0.0203125 0.0421875
0 0.51875 0.36484375 0.015625 0.02734375
0 0.50703125 0.440625 0.021875 0.03359375
0 0.54296875 0.45625 0.02578125 0.03671875
0 0.57734375 0.3984375 0.021875 0.03046875
0 0.63125 0.41796875 0.03828125 0.06328125
0 0.715625 0.46328125 0.0296875 0.06640625
0 0.62109375 0.36640625 0.021875 0.03359375
0 0.709375 0.3578125 0.0203125 0.03046875
0 0.66328125 0.3546875 0.0140625 0.02421875
0 0.75703125 0.3890625 0.028125 0.0515625
0 0.73125 0.3484375 0.0203125 0.03046875
0 0.809375 0.48515625 0.06015625 0.0875
0 0.8296875 0.4453125 0.034375 0.0453125
0 0.8140625 0.41640625 0.03828125 0.0546875
0 0.8828125 0.38671875 0.02578125 0.0453125
0 0.90078125 0.42890625 0.034375 0.0546875
0 0.95078125 0.47734375 0.04609375 0.07265625
0 0.925 0.36640625 0.021875 0.03671875
0 0.97578125 0.43046875 0.028125 0.0421875
0 0.9796875 0.3609375 0.015625 0.03046875