0 0.3609375 0.746875 0.4234375 0.328125
0 0.821875 0.62421875 0.35625 0.3921875
0 0.19296875 0.51171875 0.2734375 0.2203125
0 0.43828125 0.53515625 0.09375 0.0578125
0 0.54453125 0.540625 0.075 0.0625
0 0.0203125 0.53828125 0.040625 0.0890625
0 0.58984375 0.58125 0.078125 0.0578125
0 0.484375 0.5828125 0.103125 0.078125
0 0.34296875 0.503125 0.078125 0.0578125
0 0.60078125 0.53671875 0.0578125 0.046875
0 0.0234375 0.57421875 0.034375 0.03125
0 0.340625 0.54375 0.04375 0.0375
0 0.384375 0.5421875 0.0375 0.03125
0 0.50234375 0.5328125 0.046875 0.034375
0 0.62421875 0.5515625 0.040625 0.0421875
0 0.6515625 0.5578125 0.0375 0.0390625