0 0.83125 0.73671875 0.2078125 0.3203125
0 0.41484375 0.75 0.196875 0.26875
0 0.23125 0.6171875 0.1265625 0.196875
0 0.565625 0.7890625 0.134375 0.225
0 0.51640625 0.584375 0.1015625 0.153125
0 0.5890625 0.5765625 0.0875 0.1265625
0 0.5671875 0.46171875 0.0796875 0.115625
0 0.3234375 0.628125 0.0734375 0.1203125
0 0.690625 0.44765625 0.04375 0.05625
0 0.69453125 0.54921875 0.059375 0.0828125
0 0.6578125 0.5984375 0.0796875 0.09375
0 0.80546875 0.4953125 0.10625 0.1359375
0 0.078125 0.79765625 0.084375 0.1203125
0 0.62890625 0.48125 0.0515625 0.0765625
0 0.746875 0.41875 0.0390625 0.0515625
0 0.3234375 0.4890625 0.0359375 0.0484375
0 0.125 0.946875 0.0828125 0.090625
0 0.8546875 0.565625 0.0875 0.09375
0 0.41640625 0.48125 0.0484375 0.065625
0 0.43984375 0.53046875 0.0234375 0.034375
0 0.35078125 0.53515625 0.0296875 0.0453125
0 0.32421875 0.53046875 0.025 0.034375
0 0.13125 0.7078125 0.0703125 0.1625
0 0.08984375 0.65078125 0.075 0.1640625
0 0.06953125 0.56484375 0.01875 0.0359375