0 0.66875 0.11796875 0.1265625 0.1265625
0 0.4265625 0.35859375 0.0828125 0.0828125
0 0.55625 0.14296875 0.190625 0.1796875
0 0.15703125 0.428125 0.1140625 0.0953125
0 0.27890625 0.2828125 0.1109375 0.090625
0 0.91640625 0.18515625 0.1640625 0.15625
0 0.07578125 0.2203125 0.11875 0.1203125
0 0.09765625 0.13828125 0.1515625 0.0796875
0 0.17578125 0.24296875 0.15 0.121875
0 0.18828125 0.15 0.0953125 0.0703125
0 0.740625 0.23984375 0.078125 0.078125
0 0.88125 0.15390625 0.2375 0.1859375
0 0.2859375 0.221875 0.1109375 0.075
0 0.43515625 0.134375 0.084375 0.05
0 0.42421875 0.21484375 0.1546875 0.1484375
0 0.346875 0.16953125 0.09375 0.0859375
0 0.30703125 0.1515625 0.0734375 0.075
0 0.01015625 0.184375 0.0203125 0.046875
0 0.2453125 0.15859375 0.03125 0.0359375
0 0.13828125 0.7375 0.025 0.025
0 0.6625 0.2390625 0.1125 0.09375
0 0.75703125 0.1890625 0.11875 0.0859375
0 0.83515625 0.134375 0.1328125 0.125
0 0.9890625 0.10390625 0.021875 0.0765625
0 0.521875 0.22421875 0.0515625 0.034375
0 0.21015625 0.1875 0.09375 0.0375