0 0.49765625 0.76328125 0.9953125 0.465625
0 0.93515625 0.371875 0.1203125 0.09375
0 0.096875 0.29375 0.1296875 0.1265625
0 0.290625 0.2546875 0.3546875 0.228125
0 0.63125 0.33671875 0.2578125 0.16875
0 0.03203125 0.19453125 0.0640625 0.0734375
0 0.01953125 0.41875 0.0390625 0.109375
0 0.78046875 0.31640625 0.1359375 0.1453125
0 0.565625 0.23046875 0.128125 0.0796875
0 0.41796875 0.1625 0.065625 0.046875
0 0.46875 0.1515625 0.065625 0.053125
0 0.2078125 0.07890625 0.078125 0.046875
0 0.39375 0.0953125 0.0828125 0.05