0 0.1828125 0.08203125 0.140625 0.1640625
0 0.88359375 0.128125 0.1015625 0.159375
0 0.97421875 0.19921875 0.0515625 0.1375
0 0.78671875 0.12578125 0.0703125 0.1421875
0 0.79296875 0.43984375 0.0796875 0.159375
0 0.6015625 0.07109375 0.134375 0.1421875
0 0.46640625 0.21171875 0.1328125 0.1453125
0 0.36171875 0.1296875 0.15625 0.240625
0 0.04375 0.15859375 0.0375 0.04375
0 0.1390625 0.4296875 0.05625 0.103125
0 0.15234375 0.31171875 0.03125 0.0453125
0 0.2609375 0.32109375 0.1046875 0.134375
0 0.2953125 0.21953125 0.1 0.0984375
0 0.58828125 0.21796875 0.0875 0.1265625
0 0.62578125 0.18359375 0.0734375 0.1