0 0.53125 0.54375 0.13359375 0.2765625
0 0.70234375 0.59140625 0.14140625 0.2265625
0 0.73359375 0.46875 0.11640625 0.15078125
0 0.04765625 0.58828125 0.05390625 0.18203125
0 0.1875 0.61953125 0.075 0.10078125
0 0.28515625 0.58828125 0.05390625 0.07578125
0 0.6125 0.59765625 0.05859375 0.06953125
0 0.93125 0.66328125 0.075 0.10078125
0 0.85234375 0.553125 0.0625 0.13203125
0 0.37109375 0.63203125 0.05390625 0.10078125
0 0.59140625 0.6890625 0.06640625 0.11953125
0 0.975 0.57890625 0.02890625 0.05
0 0.29140625 0.67265625 0.06640625 0.10703125