0 0.62734375 0.5984375 0.2 0.140625
0 0.1390625 0.58359375 0.1421875 0.109375
0 0.375 0.60625 0.1953125 0.125
0 0.67421875 0.4484375 0.090625 0.0640625
0 0.5953125 0.459375 0.0953125 0.06875
0 0.2359375 0.48828125 0.109375 0.06875
0 0.50625 0.49375 0.11875 0.0734375
0 0.03515625 0.95546875 0.0703125 0.0875
0 0.88359375 0.646875 0.209375 0.1140625
0 0.80703125 0.49140625 0.0875 0.05625
0 0.8703125 0.57890625 0.1515625 0.078125
0 0.753125 0.5734375 0.1296875 0.0921875
0 0.53671875 0.56640625 0.1078125 0.0890625
0 0.415625 0.5265625 0.1328125 0.0640625
0 0.2421875 0.603125 0.1015625 0.096875
0 0.0328125 0.65234375 0.065625 0.103125
0 0.9671875 0.43671875 0.05625 0.0359375
0 0.440625 0.44140625 0.0765625 0.0328125
0 0.83046875 0.44296875 0.05625 0.0328125
0 0.3875 0.4640625 0.06875 0.05625
0 0.03203125 0.484375 0.0640625 0.0546875
0 0.90703125 0.44375 0.05625 0.03125
0 0.71171875 0.49609375 0.103125 0.053125
0 0.446875 0.4734375 0.084375 0.05
0 0.9421875 0.478125 0.09375 0.05625
0 0.86796875 0.52109375 0.09375 0.0515625
0 0.05078125 0.6109375 0.1015625 0.078125
0 0.01953125 0.55078125 0.0390625 0.0578125
0 0.3390625 0.44921875 0.059375 0.03125
0 0.7734375 0.46328125 0.08125 0.040625
0 0.5296875 0.44921875 0.0484375 0.0375
0 0.07890625 0.44765625 0.0609375 0.0328125
0 0.978125 0.575 0.0421875 0.0625
0 0.3296875 0.50078125 0.0953125 0.0578125
0 0.14765625 0.45546875 0.046875 0.0296875
0 0.86640625 0.47265625 0.0734375 0.0515625
0 0.1734375 0.49453125 0.053125 0.0578125
0 0.98671875 0.6484375 0.0265625 0.05
0 0.2796875 0.53359375 0.1265625 0.08125
0 0.0875 0.48046875 0.078125 0.0515625
0 0.01171875 0.44765625 0.0234375 0.028125
0 0.11484375 0.5390625 0.121875 0.05625
0 0.7234375 0.44765625 0.03125 0.0234375
0 0.190625 0.453125 0.0359375 0.025
0 0.765625 0.53046875 0.1171875 0.05
0 0.990625 0.43046875 0.015625 0.0375
0 0.7125 0.46953125 0.040625 0.0203125
0 0.56171875 0.434375 0.0359375 0.021875
0 0.56875 0.5140625 0.0796875 0.0390625
0 0.0828125 0.52890625 0.08125 0.0578125
0 0.24453125 0.45625 0.034375 0.01875
0 0.2921875 0.4609375 0.0421875 0.0234375
0 0.32265625 0.471875 0.0546875 0.025
0 0.98515625 0.4734375 0.0296875 0.034375
0 0.99296875 0.51484375 0.0140625 0.0390625
0 0.13046875 0.48046875 0.059375 0.0453125
0 0.2046875 0.45390625 0.0484375 0.01875
0 0.44765625 0.5890625 0.109375 0.090625