0 0.32578125 0.4765625 0.26484375 0.34453125
0 0.62109375 0.5296875 0.253125 0.41171875
0 0.21875 0.2 0.090625 0.134375
0 0.1359375 0.19609375 0.065625 0.10234375
0 0.33046875 0.2015625 0.075 0.1125
0 0.9 0.28203125 0.0625 0.06953125
0 0.9796875 0.28125 0.040625 0.07109375
0 0.4609375 0.621875 0.11953125 0.23984375
0 0.4578125 0.46171875 0.06875 0.1046875
0 0.78828125 0.19921875 0.04921875 0.0609375
0 0.8203125 0.24765625 0.0328125 0.0453125
0 0.51484375 0.08203125 0.0375 0.0515625
0 0.6765625 0.22109375 0.04140625 0.0390625
0 0.55390625 0.2578125 0.04140625 0.06484375