0 0.86796875 0.60234375 0.2 0.1375
0 0.25 0.7484375 0.278125 0.184375
0 0.0625 0.5484375 0.125 0.109375
0 0.25625 0.575 0.184375 0.1171875
0 0.7546875 0.39765625 0.059375 0.046875
0 0.478125 0.40859375 0.053125 0.053125
0 0.884375 0.8171875 0.2296875 0.171875
0 0.61171875 0.85 0.2953125 0.1765625
0 0.66796875 0.4 0.0625 0.040625
0 0.03203125 0.44453125 0.0640625 0.0515625
0 0.090625 0.4328125 0.0390625 0.0484375
0 0.90546875 0.38046875 0.0421875 0.0359375
0 0.38671875 0.4203125 0.04375 0.0375
0 0.684375 0.3671875 0.0375 0.028125
0 0.31171875 0.45234375 0.09375 0.0703125
0 0.228125 0.43828125 0.065625 0.05
0 0.58203125 0.365625 0.0390625 0.0328125
0 0.97734375 0.36640625 0.034375 0.025
0 0.203125 0.4828125 0.103125 0.0703125
0 0.84453125 0.36875 0.025 0.021875
0 0.3265625 0.41015625 0.0578125 0.0296875
0 0.18984375 0.42734375 0.0375 0.0296875
0 0.26328125 0.4171875 0.0375 0.0265625
0 0.9671875 0.40546875 0.053125 0.0484375
0 0.6453125 0.34765625 0.028125 0.025
0 0.42578125 0.37109375 0.0265625 0.021875
0 0.39140625 0.38828125 0.0421875 0.0296875
0 0.18359375 0.40625 0.0296875 0.0234375
0 0.553125 0.36171875 0.0265625 0.025
0 0.221875 0.40078125 0.021875 0.0171875
0 0.77890625 0.34453125 0.0265625 0.021875
0 0.0078125 0.4859375 0.015625 0.040625
0 0.3859375 0.36015625 0.028125 0.0234375
0 0.34453125 0.39296875 0.028125 0.0234375
0 0.328125 0.39375 0.021875 0.0140625
0 0.30625 0.39921875 0.0359375 0.0296875
0 0.37890625 0.39375 0.03125 0.0234375
0 0.27421875 0.38359375 0.0234375 0.0140625
0 0.371875 0.37578125 0.0125 0.0078125
0 0.34921875 0.3703125 0.0171875 0.0140625
0 0.36953125 0.36640625 0.0125 0.0109375
0 0.41640625 0.36171875 0.0265625 0.021875
0 0.43671875 0.35546875 0.015625 0.0125
0 0.440625 0.36328125 0.015625 0.0109375
0 0.5421875 0.38125 0.0234375 0.015625
0 0.5046875 0.371875 0.021875 0.015625
0 0.5265625 0.36484375 0.0234375 0.0171875
0 0.51796875 0.35390625 0.0234375 0.0171875
0 0.5484375 0.35078125 0.028125 0.0203125
0 0.478125 0.353125 0.0265625 0.0203125
0 0.45390625 0.35625 0.01875 0.0125
0 0.4609375 0.3625 0.021875 0.015625
0 0.62109375 0.34921875 0.01875 0.0140625
0 0.7203125 0.34765625 0.0328125 0.025
0 0.678125 0.33515625 0.0234375 0.0171875
0 0.6671875 0.3328125 0.015625 0.015625
0 0.64921875 0.33359375 0.015625 0.0109375
0 0.61015625 0.33359375 0.0203125 0.015625
0 0.59453125 0.3421875 0.0203125 0.021875
0 0.578125 0.32734375 0.01875 0.0140625
0 0.53828125 0.34140625 0.015625 0.0125
0 0.5203125 0.3421875 0.0125 0.0078125
0 0.490625 0.35078125 0.015625 0.0140625
0 0.646875 0.32421875 0.0125 0.0078125
0 0.68984375 0.325 0.0140625 0.0140625
0 0.7078125 0.32734375 0.015625 0.0140625
0 0.7296875 0.3328125 0.015625 0.0125
0 0.7484375 0.3421875 0.0203125 0.0203125
0 0.76484375 0.3328125 0.01875 0.0125
0 0.7515625 0.32734375 0.0140625 0.0109375
0 0.72265625 0.32734375 0.0140625 0.0109375
0 0.80703125 0.33203125 0.0265625 0.015625
0 0.834375 0.3390625 0.01875 0.015625
0 0.78125 0.325 0.0171875 0.0125
0 0.77265625 0.3234375 0.0140625 0.0125
0 0.71328125 0.31796875 0.0125 0.0078125
0 0.990625 0.3484375 0.01875 0.015625
0 0.9890625 0.33828125 0.0140625 0.0109375
0 0.965625 0.34609375 0.0296875 0.015625
0 0.909375 0.35703125 0.0203125 0.021875
0 0.92265625 0.36171875 0.01875 0.0234375
0 0.93671875 0.346875 0.021875 0.0140625
0 0.925 0.33984375 0.015625 0.009375
0 0.91484375 0.34296875 0.01875 0.0125
0 0.8703125 0.3296875 0.0109375 0.009375
0 0.8625 0.33203125 0.009375 0.009375
0 0.9421875 0.33671875 0.0109375 0.0078125
0 0.9703125 0.3328125 0.0140625 0.0109375
0 0.896875 0.3359375 0.0125 0.0109375
0 0.88125 0.32734375 0.009375 0.0078125
0 0.85 0.33046875 0.0109375 0.009375
0 0.709375 0.31328125 0.0109375 0.009375
0 0.334375 0.36171875 0.0109375 0.0078125
0 0.29453125 0.36328125 0.0140625 0.009375
0 0.284375 0.35546875 0.0109375 0.009375
0 0.03359375 0.38203125 0.0109375 0.009375
0 0.07734375 0.36328125 0.0125 0.0109375
0 0.06796875 0.3546875 0.0140625 0.009375
0 0.0421875 0.359375 0.0125 0.0078125
0 0.04453125 0.3515625 0.0109375 0.0078125
0 0.203125 0.3546875 0.0125 0.0078125
0 0.19765625 0.36875 0.015625 0.0078125
0 0.03203125 0.34375 0.0125 0.009375
0 0.01328125 0.34921875 0.009375 0.00625
0 0.01796875 0.34296875 0.0109375 0.0078125
0 0.00703125 0.33984375 0.0140625 0.009375
0 0.0046875 0.35078125 0.009375 0.009375
0 0.05 0.3390625 0.0109375 0.0109375
0 0.03828125 0.33203125 0.0125 0.0078125
0 0.05625 0.33125 0.0140625 0.0078125
0 0.06171875 0.3421875 0.009375 0.0078125
0 0.0734375 0.34296875 0.009375 0.0078125
0 0.11171875 0.34453125 0.0109375 0.0078125
0 0.1890625 0.3546875 0.009375 0.0078125