0 0.8625 0.56015625 0.1 0.12890625
0 0.9671875 0.54375 0.065625 0.11640625
0 0.809375 0.66015625 0.065625 0.09609375
0 0.7421875 0.575 0.065625 0.11640625
0 0.796875 0.56015625 0.03125 0.04609375
0 0.634375 0.6125 0.084375 0.14609375
0 0.6296875 0.53359375 0.0375 0.04609375
0 0.671875 0.55234375 0.040625 0.05390625
0 0.55625 0.57109375 0.071875 0.13359375
0 0.59375 0.54765625 0.034375 0.07109375
0 0.4734375 0.575 0.084375 0.11640625
0 0.403125 0.55859375 0.075 0.0875
0 0.325 0.55 0.05 0.07890625
0 0.28125 0.56484375 0.040625 0.10859375
0 0.2484375 0.48125 0.034375 0.05390625
0 0.2328125 0.5375 0.05 0.0625
0 0.1546875 0.56640625 0.1 0.1375
0 0.0703125 0.62109375 0.075 0.13359375
0 0.0265625 0.58359375 0.053125 0.12890625