0 0.2921875 0.81796875 0.19375 0.3640625
0 0.03984375 0.853125 0.0796875 0.19140625
0 0.03984375 0.58203125 0.0703125 0.109375
0 0.07734375 0.56484375 0.0203125 0.04140625
0 0.0328125 0.5015625 0.01796875 0.0375
0 0.0140625 0.4984375 0.021875 0.04140625
0 0.0578125 0.49296875 0.02421875 0.034375
0 0.065625 0.5140625 0.0203125 0.02421875
0 0.09296875 0.5015625 0.0296875 0.04140625
0 0.12109375 0.50859375 0.01796875 0.034375
0 0.11796875 0.625 0.08828125 0.15390625
0 0.14921875 0.534375 0.02421875 0.034375
0 0.15703125 0.5015625 0.0203125 0.034375
0 0.1453125 0.47265625 0.0140625 0.03046875
0 0.15390625 0.4796875 0.0140625 0.02421875
0 0.18515625 0.52421875 0.02421875 0.04765625
0 0.1796875 0.496875 0.0140625 0.0203125
0 0.20625 0.5 0.02421875 0.0375
0 0.19921875 0.5890625 0.05234375 0.075
0 0.26015625 0.55 0.021875 0.05859375
0 0.2296875 0.521875 0.02578125 0.04765625
0 0.2421875 0.51015625 0.0203125 0.034375
0 0.27890625 0.50859375 0.02421875 0.04453125
0 0.29375 0.571875 0.04609375 0.0859375
0 0.3390625 0.55625 0.0421875 0.07890625
0 0.3453125 0.47265625 0.0140625 0.02421875
0 0.27890625 0.46953125 0.015625 0.02734375
0 0.25703125 0.478125 0.0140625 0.02421875
0 0.33125 0.675 0.0796875 0.1234375
0 0.38671875 0.56875 0.03828125 0.0859375
0 0.375 0.49453125 0.021875 0.0375
0 0.3921875 0.51171875 0.028125 0.0375
0 0.30625 0.503125 0.01171875 0.03046875
0 0.434375 0.50703125 0.01796875 0.04765625
0 0.41171875 0.534375 0.021875 0.0515625
0 0.60078125 0.6421875 0.084375 0.1265625
0 0.5671875 0.56875 0.05625 0.06484375
0 0.65078125 0.603125 0.0296875 0.08203125
0 0.6578125 0.4859375 0.02421875 0.04765625
0 0.51796875 0.68359375 0.06015625 0.2125
0 0.528125 0.49296875 0.0140625 0.034375
0 0.55703125 0.4984375 0.01796875 0.034375
0 0.57578125 0.5015625 0.0140625 0.0546875
0 0.60390625 0.52890625 0.02578125 0.04453125
0 0.61796875 0.49140625 0.015625 0.0375
0 0.63515625 0.48125 0.01171875 0.03046875
0 0.45703125 0.496875 0.015625 0.02421875
0 0.46796875 0.4671875 0.01171875 0.02421875
0 0.4859375 0.45859375 0.01015625 0.0140625
0 0.3921875 0.47265625 0.01015625 0.0203125
0 0.4046875 0.47109375 0.01015625 0.0203125
0 0.4546875 0.47109375 0.01171875 0.0140625
0 0.42734375 0.55 0.0203125 0.06171875
0 0.50703125 0.46953125 0.01015625 0.0171875
0 0.36484375 0.45703125 0.01015625 0.0171875
0 0.37890625 0.45703125 0.00390625 0.01015625
0 0.31484375 0.48125 0.01171875 0.0171875
0 0.32421875 0.4828125 0.0140625 0.0203125
0 0.32734375 0.4671875 0.01015625 0.0203125
0 0.22734375 0.47265625 0.01171875 0.0171875
0 0.1171875 0.478125 0.01015625 0.0203125
0 0.23984375 0.48125 0.01171875 0.02734375
0 0.09609375 0.465625 0.01171875 0.0203125
0 0.0046875 0.46640625 0.009375 0.0234375
0 0.0203125 0.4609375 0.01015625 0.0203125
0 0.0296875 0.47265625 0.0140625 0.0203125
0 0.07734375 0.465625 0.01171875 0.0171875
0 0.2078125 0.47265625 0.01171875 0.0203125
0 0.29921875 0.47109375 0.01171875 0.02421875
0 0.26484375 0.48125 0.015625 0.03046875
0 0.35703125 0.48125 0.015625 0.02734375
0 0.59375 0.48828125 0.0203125 0.04453125
0 0.7046875 0.6046875 0.04375 0.1265625
0 0.740625 0.5921875 0.0359375 0.09609375
0 0.765625 0.5203125 0.034375 0.071875
0 0.865625 0.646875 0.04765625 0.1265625
0 0.703125 0.50859375 0.02421875 0.04765625
0 0.94921875 0.43984375 0.02578125 0.04140625
0 0.95390625 0.65546875 0.08984375 0.17109375
0 0.846875 0.5140625 0.015625 0.04140625
0 0.8890625 0.45390625 0.015625 0.0171875
0 0.840625 0.48125 0.01796875 0.0375
0 0.79375 0.51875 0.02421875 0.0515625
0 0.79921875 0.4859375 0.021875 0.034375
0 0.96484375 0.47265625 0.02421875 0.0375
0 0.9078125 0.52890625 0.04765625 0.10625
0 0.93515625 0.54296875 0.021875 0.04765625
0 0.97890625 0.54453125 0.0421875 0.06875