0 0.91015625 0.52734375 0.04375 0.10625
0 0.340625 0.5578125 0.0375 0.0859375
0 0.3890625 0.56328125 0.02578125 0.08203125
0 0.296875 0.56640625 0.0421875 0.075
0 0.03671875 0.58046875 0.05625 0.0890625
0 0.19765625 0.590625 0.04375 0.07890625
0 0.70703125 0.609375 0.03828125 0.1265625
0 0.11875 0.628125 0.08984375 0.14375
0 0.60078125 0.65625 0.065625 0.09765625
0 0.96875 0.65703125 0.06171875 0.1703125
0 0.515625 0.68125 0.0421875 0.1953125
0 0.2921875 0.821875 0.1953125 0.35625
0 0.0390625 0.853125 0.078125 0.19140625
0 0.86796875 0.64453125 0.03671875 0.11640625
0 0.88828125 0.93203125 0.22109375 0.1359375
0 0.5671875 0.56171875 0.0421875 0.06015625
0 0.6515625 0.59140625 0.02578125 0.0703125
0 0.0140625 0.50078125 0.01640625 0.0296875
0 0.0046875 0.559375 0.009375 0.0375
0 0.05625 0.49453125 0.0171875 0.0234375
0 0.0640625 0.51484375 0.01484375 0.025
0 0.03125 0.50625 0.01796875 0.02265625
0 0.18515625 0.52578125 0.02109375 0.0359375
0 0.25859375 0.55078125 0.01484375 0.05234375
0 0.22890625 0.521875 0.01640625 0.03984375
0 0.24296875 0.5125 0.0125 0.03671875
0 0.278125 0.50859375 0.02265625 0.0375
0 0.20703125 0.49765625 0.01640625 0.03203125
0 0.146875 0.53671875 0.025 0.03203125
0 0.0640625 0.515625 0.0125 0.0234375
0 0.1203125 0.50703125 0.01640625 0.0234375
0 0.1109375 0.55546875 0.02421875 0.0359375
0 0.6609375 0.48203125 0.0265625 0.04921875
0 0.42578125 0.54765625 0.01953125 0.05078125
0 0.4359375 0.5015625 0.01953125 0.03828125
0 0.3234375 0.51953125 0.028125 0.0359375
0 0.3890625 0.5109375 0.015625 0.025
0 0.3375 0.65703125 0.06953125 0.1
0 0.13984375 0.575 0.04765625 0.03515625