0 0.91015625 0.5265625 0.04375 0.10703125
0 0.3421875 0.56015625 0.0265625 0.06015625
0 0.3890625 0.56328125 0.0265625 0.0828125
0 0.296875 0.56796875 0.0421875 0.0734375
0 0.03671875 0.58046875 0.05546875 0.0890625
0 0.19765625 0.58984375 0.04453125 0.07890625
0 0.70703125 0.609375 0.03671875 0.12734375
0 0.11875 0.62578125 0.08984375 0.13359375
0 0.6015625 0.6484375 0.065625 0.128125
0 0.96875 0.6515625 0.06171875 0.16640625
0 0.515625 0.68203125 0.0421875 0.19453125
0 0.29765625 0.82109375 0.17578125 0.35703125
0 0.0390625 0.8515625 0.07734375 0.19296875