0 0.2765625 0.94765625 0.184375 0.10390625
0 0.046875 0.9515625 0.09375 0.096875
0 0.1296875 0.86875 0.128125 0.12890625
0 0.253125 0.72890625 0.09375 0.12890625
0 0.328125 0.82890625 0.13125 0.15
0 0.56875 0.625 0.090625 0.1125
0 0.378125 0.77265625 0.13125 0.1625
0 0.44375 0.7375 0.109375 0.1625
0 0.4421875 0.66640625 0.11875 0.1125
0 0.45 0.57890625 0.109375 0.12109375
0 0.384375 0.525 0.09375 0.13359375
0 0.4703125 0.51015625 0.078125 0.1125
0 0.5109375 0.45 0.0875 0.10859375
0 0.6046875 0.69140625 0.1125 0.14609375
0 0.6921875 0.71484375 0.09375 0.12109375
0 0.784375 0.85625 0.096875 0.1125
0 0.8390625 0.79375 0.096875 0.1375
0 0.959375 0.80234375 0.08125 0.18359375
0 0.9015625 0.61875 0.103125 0.125
0 0.91875 0.50234375 0.10625 0.15859375
0 0.7921875 0.5625 0.103125 0.1375
0 0.7671875 0.47890625 0.103125 0.1
0 0.8296875 0.45859375 0.05 0.1
0 0.9484375 0.30390625 0.0625 0.08359375
0 0.934375 0.40390625 0.065625 0.0875
0 0.8171875 0.37109375 0.075 0.09140625
0 0.8421875 0.3125 0.059375 0.075
0 0.8859375 0.20390625 0.04375 0.05859375
0 0.5734375 0.33984375 0.078125 0.10859375
0 0.625 0.36640625 0.059375 0.07890625
0 0.684375 0.41875 0.075 0.10390625
0 0.609375 0.48515625 0.065625 0.11640625
0 0.6671875 0.55390625 0.040625 0.07890625
0 0.0296875 0.69140625 0.059375 0.175
0 0.046875 0.53359375 0.09375 0.13359375
0 0.0953125 0.44375 0.06875 0.10390625
0 0.26875 0.54375 0.11875 0.1625
0 0.1734375 0.38359375 0.10625 0.1375
0 0.053125 0.31484375 0.05 0.06640625
0 0.2984375 0.36484375 0.059375 0.1
0 0.4453125 0.2 0.04375 0.0625
0 0.40625 0.28125 0.05625 0.07109375
0 0.3515625 0.2625 0.05625 0.0625
0 0.796875 0.26015625 0.040625 0.07109375
0 0.7625 0.32734375 0.0625 0.08359375
0 0.625 0.275 0.046875 0.05
0 0.7515625 0.20859375 0.05625 0.0625
0 0.3375 0.14375 0.040625 0.05
0 0.3875 0.15859375 0.04375 0.05
0 0.546875 0.10859375 0.0375 0.05
0 0.55625 0.2 0.034375 0.04609375
0 0.4984375 0.32734375 0.053125 0.075
0 0.4265625 0.37109375 0.071875 0.075
0 0.3671875 0.4 0.075 0.1125
0 0.484375 0.17734375 0.021875 0.05
0 0.1015625 0.26875 0.05625 0.0625
0 0.103125 0.31875 0.046875 0.05390625
0 0.059375 0.19609375 0.040625 0.0625
0 0.0359375 0.175 0.040625 0.0625
0 0.1234375 0.53515625 0.075 0.09609375
0 0.0234375 0.38359375 0.046875 0.1
0 0.2390625 0.21875 0.040625 0.0625
0 0.2796875 0.2375 0.053125 0.05
0 0.38125 0.2125 0.05625 0.05390625
0 0.25625 0.44609375 0.090625 0.09609375
0 0.1046875 0.16875 0.0375 0.04609375
0 0.0375 0.26484375 0.05 0.07890625
0 0.303125 0.06875 0.03125 0.03359375
0 0.2640625 0.15234375 0.040625 0.0375
0 0.23125 0.13515625 0.040625 0.0375
0 0.2734375 0.05390625 0.03125 0.04140625
0 0.6640625 0.16484375 0.0375 0.05
0 0.609375 0.23125 0.0375 0.05859375
0 0.50625 0.22734375 0.0375 0.03359375
0 0.4984375 0.25234375 0.0375 0.0375
0 0.528125 0.26015625 0.04375 0.0625
0 0.5734375 0.27734375 0.0375 0.05
0 0.6203125 0.14765625 0.028125 0.04140625
0 0.6015625 0.16875 0.025 0.03359375
0 0.5421875 0.14609375 0.028125 0.03359375
0 0.5109375 0.1625 0.028125 0.02890625
0 0.66875 0.33984375 0.0375 0.05859375
0 0.6859375 0.2875 0.034375 0.04609375
0 0.6515625 0.22890625 0.03125 0.04140625
0 0.628125 0.20625 0.040625 0.04609375
0 0.6890625 0.22109375 0.034375 0.04140625
0 0.696875 0.18125 0.034375 0.04140625
0 0.7359375 0.15390625 0.03125 0.04140625
0 0.7015625 0.25859375 0.040625 0.04140625
0 0.590625 0.13125 0.021875 0.0375
0 0.809375 0.20390625 0.0375 0.04609375
0 0.7859375 0.17265625 0.03125 0.0375
0 0.846875 0.20390625 0.03125 0.0375
0 0.8453125 0.25234375 0.053125 0.05859375
0 0.925 0.1875 0.028125 0.0375
0 0.9640625 0.15390625 0.021875 0.03359375
0 0.9296875 0.12890625 0.025 0.0375
0 0.8375 0.12734375 0.01875 0.025
0 0.85625 0.12890625 0.01875 0.02890625
0 0.8765625 0.275 0.0375 0.05859375
0 0.915625 0.27109375 0.03125 0.04140625
0 0.95625 0.22734375 0.04375 0.05
0 0.8703125 0.14765625 0.028125 0.03359375
0 0.8828125 0.4 0.065625 0.09609375
0 0.6453125 0.10234375 0.021875 0.025
0 0.7515625 0.10390625 0.015625 0.02109375
0 0.49375 0.12734375 0.028125 0.02890625
0 0.459375 0.14375 0.03125 0.0375
0 0.409375 0.10859375 0.028125 0.02890625
0 0.140625 0.24609375 0.0375 0.05390625
0 0.184375 0.23515625 0.04375 0.05859375
0 0.046875 0.09140625 0.021875 0.03359375
0 0.034375 0.08515625 0.025 0.03359375
0 0.0265625 0.03515625 0.021875 0.02890625
0 0.1703125 0.04375 0.021875 0.025
0 0.1828125 0.07890625 0.01875 0.02890625
0 0.1515625 0.1125 0.025 0.03359375
0 0.0875 0.1375 0.025 0.03359375
0 0.065625 0.1375 0.025 0.04140625
0 0.2640625 0.10625 0.021875 0.02890625
0 0.2546875 0.18359375 0.025 0.02890625