0 0.78984375 0.27578125 0.0890625 0.13125
0 0.5859375 0.15078125 0.1046875 0.153125
0 0.62109375 0.33046875 0.1046875 0.1640625
0 0.48125 0.33125 0.0921875 0.1578125
0 0.5515625 0.36796875 0.10625 0.15625
0 0.91015625 0.4625 0.0859375 0.121875
0 0.74453125 0.50703125 0.0734375 0.1046875
0 0.9234375 0.33828125 0.0765625 0.0953125
0 0.796875 0.4375 0.040625 0.0625
0 0.39765625 0.76171875 0.0265625 0.034375
0 0.4375 0.828125 0.028125 0.0421875
0 0.365625 0.77109375 0.021875 0.034375
0 0.9578125 0.45625 0.0421875 0.0875
0 0.9078125 0.38984375 0.0859375 0.06875
0 0.95390625 0.76875 0.065625 0.09375
0 0.1203125 0.91875 0.0203125 0.03125
0 0.2265625 0.93359375 0.028125 0.05
0 0.1796875 0.91875 0.0203125 0.0375
0 0.3234375 0.79609375 0.021875 0.0359375
0 0.53203125 0.81953125 0.034375 0.0578125
0 0.5203125 0.75859375 0.0234375 0.0390625
0 0.753125 0.64765625 0.0671875 0.1046875
0 0.8765625 0.69375 0.078125 0.0734375
0 0.234375 0.88203125 0.028125 0.0421875
0 0.48984375 0.78203125 0.021875 0.0390625
0 0.29375 0.76875 0.0140625 0.0203125
0 0.46875 0.80234375 0.0234375 0.046875
0 0.27734375 0.9 0.021875 0.0359375
0 0.215625 0.8484375 0.0140625 0.021875
0 0.2484375 0.8484375 0.0234375 0.034375
0 0.50078125 0.52421875 0.053125 0.1390625
0 0.690625 0.49765625 0.05 0.103125
0 0.2734375 0.83984375 0.0171875 0.03125
0 0.18671875 0.8796875 0.021875 0.0390625
0 0.275 0.75625 0.0125 0.03125
0 0.77421875 0.56640625 0.0796875 0.0765625
0 0.1796875 0.8015625 0.015625 0.0265625
0 0.32109375 0.76328125 0.015625 0.0265625
0 0.07421875 0.87109375 0.015625 0.0234375
0 0.78046875 0.6203125 0.059375 0.053125
0 0.86015625 0.6171875 0.0625 0.06875
0 0.8578125 0.62265625 0.0640625 0.065625
0 0.51484375 0.42265625 0.05625 0.090625
0 0.3109375 0.7875 0.0078125 0.01875
0 0.303125 0.85 0.0140625 0.0203125
0 0.19765625 0.809375 0.009375 0.015625
0 0.15546875 0.89140625 0.009375 0.028125
0 0.221875 0.8390625 0.0109375 0.015625
0 0.1546875 0.8390625 0.009375 0.0140625
0 0.0453125 0.9171875 0.0109375 0.021875
0 0.2484375 0.97578125 0.009375 0.015625
0 0.87578125 0.76875 0.08125 0.0703125
0 0.83828125 0.96171875 0.053125 0.05625