0 0.35078125 0.4578125 0.2546875 0.5
0 0.18515625 0.34453125 0.3703125 0.6890625
0 0.56796875 0.203125 0.0734375 0.178125
0 0.81953125 0.54140625 0.0703125 0.1046875
0 0.71953125 0.50859375 0.09375 0.10625
0 0.01640625 0.69296875 0.0328125 0.0421875
0 0.2890625 0.7203125 0.0828125 0.06875
0 0.10078125 0.65859375 0.0453125 0.065625
0 0.046875 0.65859375 0.046875 0.065625
0 0.20546875 0.7375 0.04375 0.0546875
0 0.22578125 0.71640625 0.0421875 0.0484375
0 0.5671875 0.5234375 0.028125 0.046875
0 0.65546875 0.46328125 0.0234375 0.0359375
0 0.62578125 0.47890625 0.0375 0.0328125
0 0.746875 0.30625 0.0875 0.334375
0 0.57734375 0.5015625 0.0375 0.0515625
0 0.62421875 0.51484375 0.0265625 0.034375