0 0.259375 0.40625 0.13515625 0.225
0 0.45703125 0.453125 0.0703125 0.109375
0 0.8125 0.47578125 0.19921875 0.3265625
0 0.06875 0.484375 0.0796875 0.13828125
0 0.90703125 0.434375 0.109375 0.225
0 0.96484375 0.51484375 0.05703125 0.1046875
0 0.584375 0.57890625 0.19765625 0.2625
0 0.70234375 0.5125 0.03984375 0.05859375
0 0.0375 0.671875 0.01796875 0.03046875
0 0.0109375 0.490625 0.021875 0.05234375
0 0.12890625 0.46484375 0.02890625 0.040625
0 0.11953125 0.5296875 0.0203125 0.034375
0 0.1390625 0.54140625 0.021875 0.0328125
0 0.1921875 0.51015625 0.02109375 0.03828125
0 0.20859375 0.49765625 0.03125 0.04296875
0 0.36953125 0.53359375 0.02734375 0.04140625