0 0.16015625 0.43984375 0.1640625 0.225
0 0.02265625 0.53671875 0.0453125 0.1078125
0 0.30078125 0.48515625 0.08828125 0.1171875
0 0.34765625 0.53125 0.06015625 0.08984375
0 0.38515625 0.5078125 0.03828125 0.06328125
0 0.39375 0.534375 0.03203125 0.075
0 0.44765625 0.52890625 0.015625 0.02109375
0 0.421875 0.5375 0.02578125 0.0296875
0 0.4140625 0.52109375 0.028125 0.0359375
0 0.56875 0.4953125 0.04375 0.06875
0 0.59375 0.5484375 0.06171875 0.09921875
0 0.6578125 0.453125 0.04765625 0.06328125
0 0.52421875 0.56171875 0.021875 0.0328125
0 0.52109375 0.5375 0.01796875 0.02734375
0 0.50078125 0.53125 0.0140625 0.01484375
0 0.49921875 0.5453125 0.0140625 0.01484375
0 0.459375 0.540625 0.015625 0.02421875
0 0.47421875 0.5421875 0.01171875 0.01171875
0 0.753125 0.43359375 0.1078125 0.225
0 0.8921875 0.384375 0.215625 0.3515625
0 0.8921875 0.6828125 0.09609375 0.06015625
0 0.87421875 0.5796875 0.02421875 0.0390625
0 0.9203125 0.578125 0.028125 0.0390625
0 0.94609375 0.5421875 0.01796875 0.02109375
0 0.915625 0.54375 0.0203125 0.02421875
0 0.884375 0.5390625 0.015625 0.02109375
0 0.8671875 0.54921875 0.0140625 0.02734375
0 0.959375 0.56171875 0.0140625 0.01796875
0 0.99296875 0.5703125 0.01171875 0.02109375
0 0.79296875 0.56171875 0.015625 0.02109375
0 0.76484375 0.56015625 0.015625 0.02734375
0 0.76015625 0.53125 0.01796875 0.02421875
0 0.7203125 0.55546875 0.02578125 0.0421875
0 0.6859375 0.51796875 0.028125 0.05078125
0 0.66171875 0.51328125 0.028125 0.0484375
0 0.07265625 0.55078125 0.0203125 0.0296875