0 0.071875 0.4859375 0.07578125 0.14453125
0 0.01484375 0.4875 0.0296875 0.07421875
0 0.12890625 0.46796875 0.03984375 0.05859375
0 0.26171875 0.4078125 0.14609375 0.23671875
0 0.58203125 0.56640625 0.2140625 0.3171875
0 0.45390625 0.45078125 0.07421875 0.12890625
0 0.37265625 0.53203125 0.03828125 0.05546875
0 0.81171875 0.478125 0.215625 0.34765625
0 0.70390625 0.515625 0.04609375 0.0953125
0 0.90390625 0.43515625 0.1296875 0.23359375
0 0.96171875 0.53203125 0.06796875 0.1171875
0 0.1203125 0.53359375 0.034375 0.04296875
0 0.1921875 0.5 0.034375 0.07421875
0 0.21015625 0.4984375 0.0359375 0.07421875
0 0.040625 0.675 0.03203125 0.05234375
0 0.5703125 0.33203125 0.2078125 0.32890625