0 0.61328125 0.434375 0.025 0.0359375
0 0.26015625 0.44140625 0.025 0.03359375
0 0.48828125 0.44765625 0.03046875 0.0484375
0 0.75078125 0.45 0.03125 0.03984375
0 0.8171875 0.45078125 0.01796875 0.03671875
0 0.20078125 0.45234375 0.03515625 0.04765625
0 0.09921875 0.465625 0.02890625 0.0421875
0 0.32265625 0.46875 0.03046875 0.0453125
0 0.77734375 0.47109375 0.025 0.034375
0 0.46640625 0.47734375 0.03828125 0.05703125
0 0.2890625 0.4875 0.03125 0.034375
0 0.846875 0.4890625 0.03984375 0.05703125
0 0.4171875 0.51015625 0.05703125 0.0796875
0 0.64375 0.5125 0.0359375 0.06015625
0 0.01484375 0.5234375 0.0296875 0.065625
0 0.8171875 0.53359375 0.0359375 0.05
0 0.0421875 0.5875 0.0671875 0.09375
0 0.14453125 0.58984375 0.065625 0.0875
0 0.36953125 0.61953125 0.05078125 0.08203125
0 0.790625 0.63671875 0.0890625 0.1046875
0 0.034375 0.6609375 0.06875 0.090625
0 0.3484375 0.765625 0.103125 0.14921875
0 0.1125 0.8390625 0.22421875 0.32109375
0 0.93359375 0.86484375 0.1328125 0.2703125