0 0.18515625 0.80625 0.115625 0.2671875
0 0.11875 0.8328125 0.2375 0.334375
0 0.14609375 0.58671875 0.08203125 0.1078125
0 0.03671875 0.6671875 0.0734375 0.103125
0 0.03984375 0.59609375 0.0796875 0.1234375
0 0.92265625 0.86171875 0.15390625 0.2765625
0 0.7953125 0.63984375 0.10390625 0.1234375
0 0.64296875 0.51640625 0.04765625 0.078125
0 0.3453125 0.7625 0.11171875 0.17109375
0 0.36484375 0.621875 0.05234375 0.1078125
0 0.09921875 0.46875 0.034375 0.0453125
0 0.01484375 0.52109375 0.0296875 0.08125
0 0.415625 0.509375 0.06796875 0.09921875
0 0.471875 0.47734375 0.03828125 0.06328125
0 0.490625 0.44296875 0.03828125 0.05078125
0 0.321875 0.46875 0.0359375 0.06640625
0 0.19765625 0.4546875 0.034375 0.05703125
0 0.81796875 0.5359375 0.04609375 0.06015625
0 0.778125 0.47265625 0.03203125 0.05078125
0 0.75078125 0.453125 0.0296875 0.05078125
0 0.7328125 0.453125 0.02421875 0.0390625
0 0.815625 0.453125 0.021875 0.0421875
0 0.790625 0.43125 0.0203125 0.0296875
0 0.77890625 0.4234375 0.0203125 0.0328125
0 0.76484375 0.4265625 0.021875 0.0359375
0 0.7078125 0.41875 0.01796875 0.0296875
0 0.84609375 0.48671875 0.04375 0.06015625
0 0.83984375 0.4328125 0.0203125 0.02734375
0 0.82578125 0.4171875 0.01171875 0.01484375
0 0.83671875 0.40703125 0.01171875 0.01796875
0 0.86796875 0.44296875 0.021875 0.0296875
0 0.8828125 0.421875 0.02421875 0.0296875
0 0.921875 0.425 0.01796875 0.02109375
0 0.678125 0.421875 0.015625 0.02734375
0 0.665625 0.41171875 0.0140625 0.02421875
0 0.6328125 0.44453125 0.0203125 0.0328125
0 0.60703125 0.4625 0.021875 0.0296875
0 0.58125 0.45078125 0.0140625 0.01796875
0 0.60078125 0.43828125 0.0140625 0.02734375
0 0.615625 0.43671875 0.01796875 0.0359375
0 0.646875 0.425 0.015625 0.02421875
0 0.634375 0.40703125 0.01171875 0.01796875
0 0.60703125 0.41875 0.021875 0.0296875
0 0.72734375 0.415625 0.01171875 0.01484375
0 0.52578125 0.4140625 0.0203125 0.0296875
0 0.50234375 0.39921875 0.01171875 0.01796875
0 0.49296875 0.40078125 0.01171875 0.01796875
0 0.4796875 0.40078125 0.01171875 0.01796875
0 0.58671875 0.40078125 0.01171875 0.01484375
0 0.38671875 0.46875 0.03203125 0.0421875
0 0.3421875 0.4640625 0.034375 0.06015625
0 0.2890625 0.48984375 0.02578125 0.0484375
0 0.26015625 0.43984375 0.02578125 0.0390625
0 0.23203125 0.44609375 0.02578125 0.0421875
0 0.25234375 0.4171875 0.01171875 0.02109375
0 0.32109375 0.40546875 0.015625 0.02421875
0 0.35625 0.4265625 0.021875 0.0328125
0 0.37421875 0.4296875 0.02421875 0.0421875
0 0.38984375 0.43515625 0.0203125 0.0390625
0 0.428125 0.44453125 0.021875 0.0296875
0 0.41484375 0.4171875 0.021875 0.0296875
0 0.43828125 0.4234375 0.0203125 0.0328125
0 0.2859375 0.44609375 0.02578125 0.0421875
0 0.33671875 0.40234375 0.01015625 0.01484375
0 0.45 0.39765625 0.01171875 0.02109375
0 0.45390625 0.4234375 0.0203125 0.0296875
0 0.46796875 0.39765625 0.01015625 0.01796875
0 0.37578125 0.55078125 0.021875 0.0359375
0 0.2859375 0.40859375 0.01015625 0.01484375
0 0.2296875 0.4171875 0.0140625 0.02109375
0 0.1640625 0.428125 0.0078125 0.01796875
0 0.1671875 0.44296875 0.0140625 0.01796875
0 0.13515625 0.44453125 0.01171875 0.0296875
0 0.15390625 0.415625 0.01171875 0.02421875
0 0.2078125 0.40859375 0.01015625 0.01484375
0 0.18203125 0.428125 0.015625 0.01796875
0 0.1953125 0.41015625 0.01171875 0.01171875
0 0.3703125 0.40234375 0.01171875 0.01796875
0 0.3828125 0.40546875 0.015625 0.02109375
0 0.54609375 0.415625 0.021875 0.0296875
0 0.28671875 0.421875 0.015625 0.02109375
0 0.26796875 0.4140625 0.01015625 0.01796875
0 0.075 0.43671875 0.01796875 0.02421875
0 0.10078125 0.43125 0.01171875 0.01796875
0 0.1046875 0.41328125 0.01015625 0.01796875
0 0.04609375 0.421875 0.0140625 0.02421875
0 0.03828125 0.43359375 0.0140625 0.02734375
0 0.03125 0.4171875 0.01015625 0.02109375
0 0.02265625 0.41875 0.01015625 0.01484375
0 0.009375 0.44296875 0.015625 0.02421875
0 0.02734375 0.44609375 0.0203125 0.0328125
0 0.00390625 0.47109375 0.0078125 0.02421875
0 0.00234375 0.4171875 0.00390625 0.01484375