0 0.89453125 0.38046875 0.2109375 0.33515625
0 0.7546875 0.425 0.09765625 0.2015625
0 0.16328125 0.44140625 0.16015625 0.21328125
0 0.303125 0.48828125 0.0796875 0.1171875
0 0.5703125 0.49375 0.0359375 0.05703125
0 0.35 0.5296875 0.04609375 0.08671875
0 0.5921875 0.56015625 0.05 0.071875
0 0.01875 0.53359375 0.0375 0.0890625
0 0.38515625 0.5140625 0.02734375 0.05
0 0.3984375 0.53984375 0.02734375 0.0390625
0 0.409375 0.503125 0.01484375 0.025
0 0.41796875 0.5234375 0.0171875 0.03125
0 0.42421875 0.53828125 0.01640625 0.028125
0 0.66171875 0.4546875 0.03671875 0.059375
0 0.8921875 0.67890625 0.08125 0.053125
0 0.8734375 0.58125 0.02109375 0.03203125
0 0.9203125 0.57578125 0.01796875 0.03359375
0 0.7265625 0.53125 0.02265625 0.03515625
0 0.7796875 0.54140625 0.01796875 0.03125
0 0.52421875 0.55703125 0.0140625 0.028125