0 0.61328125 0.43359375 0.02421875 0.0359375
0 0.26015625 0.44140625 0.02578125 0.0328125
0 0.4890625 0.44765625 0.0296875 0.0484375
0 0.75078125 0.45078125 0.03203125 0.0390625
0 0.8171875 0.45078125 0.01796875 0.0359375
0 0.20078125 0.4515625 0.0359375 0.0484375
0 0.09921875 0.465625 0.028125 0.0421875
0 0.321875 0.46875 0.0296875 0.0453125
0 0.77734375 0.47109375 0.02421875 0.0328125
0 0.465625 0.47734375 0.03828125 0.05703125
0 0.2890625 0.48828125 0.03203125 0.0328125
0 0.846875 0.48984375 0.03984375 0.05703125
0 0.4171875 0.51015625 0.0578125 0.078125
0 0.64375 0.51171875 0.0359375 0.06015625
0 0.01484375 0.521875 0.0296875 0.06953125
0 0.8171875 0.5328125 0.0359375 0.05078125
0 0.0421875 0.58671875 0.06796875 0.09296875
0 0.14375 0.58671875 0.06640625 0.09453125
0 0.3703125 0.6203125 0.05 0.08125
0 0.7890625 0.640625 0.08984375 0.1140625
0 0.03515625 0.6625 0.0703125 0.08984375
0 0.34765625 0.765625 0.10390625 0.15
0 0.11328125 0.8390625 0.22421875 0.32109375
0 0.92890625 0.86484375 0.1421875 0.2703125
0 0.184375 0.80625 0.11328125 0.25625
0 0.08203125 0.59375 0.04296875 0.07109375
0 0.7890625 0.43125 0.01796875 0.021875
0 0.77890625 0.42421875 0.01484375 0.01953125
0 0.76953125 0.42734375 0.01640625 0.02578125
0 0.70859375 0.4171875 0.0140625 0.01875
0 0.86875 0.44296875 0.01640625 0.0234375
0 0.88515625 0.421875 0.0171875 0.0234375
0 0.9203125 0.4265625 0.015625 0.015625
0 0.83984375 0.43203125 0.0171875 0.02265625
0 0.73515625 0.45234375 0.0203125 0.034375
0 0.6078125 0.465625 0.01640625 0.0234375
0 0.6328125 0.44140625 0.0140625 0.0265625
0 0.009375 0.44296875 0.01328125 0.02578125
0 0.0765625 0.43671875 0.015625 0.01640625
0 0.23359375 0.4453125 0.01953125 0.03046875
0 0.2875 0.44765625 0.0234375 0.034375
0 0.31171875 0.446875 0.01328125 0.0203125
0 0.34609375 0.46328125 0.01875 0.03984375
0 0.38515625 0.46015625 0.025 0.034375
0 0.428125 0.4453125 0.01640625 0.0265625
0 0.3296875 0.43203125 0.0171875 0.0234375
0 0.35703125 0.4265625 0.02421875 0.0296875
0 0.37421875 0.428125 0.021875 0.0265625
0 0.525 0.41484375 0.01640625 0.02890625
0 0.4390625 0.421875 0.0140625 0.02578125
0 0.1328125 0.4421875 0.01171875 0.01796875
0 0.41640625 0.41484375 0.02109375 0.02734375