0 0.046875 0.0671875 0.078125 0.0984375
0 0.121875 0.1359375 0.04375 0.0953125
0 0.159375 0.053125 0.0375 0.04921875
0 0.1609375 0.02109375 0.0375 0.03515625
0 0.25 0.109375 0.046875 0.053125
0 0.23125 0.06328125 0.04375 0.0421875
0 0.26875 0.67421875 0.1375 0.140625
0 0.0921875 0.7609375 0.08125 0.08828125
0 0.1875 0.53203125 0.071875 0.1125
0 0.4046875 0.53671875 0.103125 0.13359375
0 0.5765625 0.66015625 0.078125 0.1125
0 0.5765625 0.4328125 0.096875 0.109375
0 0.39375 0.2640625 0.075 0.07734375
0 0.34375 0.20390625 0.053125 0.07734375
0 0.334375 0.07578125 0.04375 0.053125
0 0.325 0.02109375 0.05625 0.0421875
0 0.384375 0.03359375 0.0375 0.0390625
0 0.640625 0.09296875 0.075 0.07734375
0 0.5953125 0.01953125 0.0875 0.0390625
0 0.5140625 0.02265625 0.053125 0.0453125
0 0.7203125 0.196875 0.10625 0.13359375
0 0.928125 0.33984375 0.11875 0.1265625
0 0.8359375 0.10546875 0.071875 0.11640625
0 0.7125 0.04375 0.08125 0.0875
0 0.7921875 0.04609375 0.0875 0.09140625
0 0.98125 0.07421875 0.0375 0.13359375