0 0.11875 0.61953125 0.04140625 0.0578125
0 0.66328125 0.634375 0.04375 0.05625
0 0.56328125 0.64140625 0.0390625 0.05
0 0.7953125 0.64609375 0.03984375 0.0671875
0 0.51171875 0.6625 0.046875 0.0703125
0 0.39765625 0.66796875 0.0546875 0.06875
0 0.1546875 0.67109375 0.05859375 0.0734375
0 0.03046875 0.67734375 0.05390625 0.090625
0 0.8609375 0.678125 0.0625 0.08046875
0 0.6625 0.678125 0.0296875 0.05
0 0.7265625 0.6796875 0.0484375 0.06875
0 0.46640625 0.68046875 0.05390625 0.075
0 0.20390625 0.68203125 0.0453125 0.07265625
0 0.284375 0.68515625 0.04609375 0.090625
0 0.97890625 0.6859375 0.0421875 0.096875
0 0.9359375 0.690625 0.06875 0.09453125
0 0.33515625 0.69453125 0.0640625 0.0796875
0 0.59609375 0.7140625 0.06328125 0.08984375
0 0.428125 0.72421875 0.0328125 0.10625
0 0.53515625 0.76015625 0.06953125 0.1171875
0 0.1859375 0.76015625 0.053125 0.10078125
0 0.8515625 0.76640625 0.0765625 0.09765625
0 0.70859375 0.7703125 0.06796875 0.1
0 0.0640625 0.77421875 0.0359375 0.10859375
0 0.3875 0.77421875 0.03671875 0.0609375
0 0.6171875 0.78515625 0.0453125 0.07890625
0 0.4765625 0.79765625 0.05625 0.0921875
0 0.31796875 0.7984375 0.07109375 0.13359375
0 0.0421875 0.82890625 0.0484375 0.078125