0 0.0296875 0.68046875 0.05625 0.09375
0 0.0421875 0.83828125 0.046875 0.084375
0 0.1 0.7796875 0.0375 0.084375
0 0.0625 0.77734375 0.05 0.121875
0 0.08125 0.6828125 0.021875 0.075
0 0.03125 0.5703125 0.034375 0.0515625
0 0.0640625 0.5984375 0.046875 0.0609375
0 0.1 0.65703125 0.03125 0.0796875
0 0.11875 0.62421875 0.046875 0.065625
0 0.1078125 0.55859375 0.021875 0.0421875
0 0.159375 0.79140625 0.053125 0.075
0 0.1828125 0.7484375 0.0625 0.13125
0 0.159375 0.66875 0.071875 0.103125
0 0.1859375 0.63125 0.040625 0.0609375
0 0.2578125 0.7703125 0.046875 0.103125
0 0.3171875 0.7984375 0.08125 0.13125
0 0.340625 0.69453125 0.059375 0.09375
0 0.2890625 0.68515625 0.05 0.0890625
0 0.2203125 0.5984375 0.040625 0.05625
0 0.23125 0.659375 0.03125 0.046875
0 0.171875 0.5796875 0.03125 0.046875
0 0.134375 0.57265625 0.03125 0.0796875
0 0.396875 0.67109375 0.059375 0.084375
0 0.390625 0.7796875 0.046875 0.05625
0 0.4296875 0.7296875 0.034375 0.1171875
0 0.35 0.6078125 0.04375 0.0515625
0 0.2875 0.62890625 0.040625 0.065625
0 0.278125 0.55625 0.025 0.0375
0 0.29375 0.58671875 0.0375 0.046875
0 0.4875 0.79375 0.06875 0.1171875
0 0.4671875 0.68046875 0.046875 0.084375
0 0.5078125 0.6640625 0.05625 0.075
0 0.5640625 0.63828125 0.040625 0.0609375
0 0.4765625 0.57734375 0.0375 0.0515625
0 0.4328125 0.61953125 0.0375 0.046875
0 0.534375 0.7609375 0.065625 0.13125
0 0.59375 0.71796875 0.065625 0.1125
0 0.6109375 0.78671875 0.059375 0.09375
0 0.709375 0.7703125 0.078125 0.1078125
0 0.7234375 0.678125 0.05 0.075
0 0.6640625 0.67578125 0.0375 0.0609375
0 0.665625 0.63125 0.040625 0.0609375
0 0.6390625 0.6171875 0.040625 0.046875
0 0.8515625 0.76796875 0.084375 0.103125
0 0.8625 0.67578125 0.065625 0.084375
0 0.9375 0.6921875 0.078125 0.0984375
0 0.98125 0.6828125 0.0375 0.1078125
0 0.7953125 0.64765625 0.046875 0.0703125
0 0.725 0.59140625 0.040625 0.046875
0 0.690625 0.60078125 0.03125 0.0515625
0 0.759375 0.58671875 0.03125 0.046875
0 0.778125 0.584375 0.028125 0.0609375
0 0.8109375 0.59375 0.0375 0.0515625
0 0.878125 0.6171875 0.034375 0.0609375
0 0.921875 0.6171875 0.04375 0.0609375
0 0.928125 0.55859375 0.028125 0.0515625
0 0.990625 0.5609375 0.01875 0.05625
0 0.55 0.5703125 0.025 0.0421875
0 0.3390625 0.54921875 0.01875 0.0375
0 0.378125 0.575 0.03125 0.0375
0 0.4140625 0.54921875 0.021875 0.0375
0 0.6171875 0.565625 0.028125 0.0375
0 0.5109375 0.5796875 0.028125 0.0375
0 0.725 0.5375 0.021875 0.028125
0 0.6765625 0.53984375 0.021875 0.028125
0 0.859375 0.5609375 0.015625 0.0234375
0 0.221875 0.55390625 0.021875 0.0234375
0 0.0859375 0.565625 0.034375 0.0515625
0 0.5953125 0.5703125 0.025 0.046875