0 0.11875 0.61953125 0.040625 0.05625
0 0.6625 0.63359375 0.04375 0.05625
0 0.5625 0.640625 0.040625 0.0515625
0 0.7953125 0.6453125 0.040625 0.065625
0 0.5109375 0.66171875 0.046875 0.0703125
0 0.396875 0.66875 0.053125 0.0703125
0 0.1546875 0.67109375 0.059375 0.075
0 0.0296875 0.678125 0.053125 0.0890625
0 0.8609375 0.678125 0.0625 0.0796875
0 0.6625 0.678125 0.03125 0.0515625
0 0.7265625 0.68046875 0.05 0.0703125
0 0.465625 0.68046875 0.053125 0.075
0 0.2046875 0.68046875 0.04375 0.0703125
0 0.284375 0.68515625 0.046875 0.0890625
0 0.978125 0.68515625 0.04375 0.0984375
0 0.9359375 0.68984375 0.06875 0.09375
0 0.334375 0.69453125 0.0625 0.0796875
0 0.5953125 0.7109375 0.0625 0.0953125
0 0.428125 0.725 0.03125 0.1078125
0 0.534375 0.7609375 0.06875 0.1171875
0 0.1859375 0.7609375 0.053125 0.0984375
0 0.8515625 0.76796875 0.078125 0.0984375
0 0.7078125 0.7703125 0.06875 0.0984375
0 0.0640625 0.775 0.0375 0.1078125
0 0.3875 0.775 0.0375 0.0609375
0 0.6171875 0.78671875 0.04375 0.0796875
0 0.4765625 0.79375 0.05625 0.10234375
0 0.31875 0.7984375 0.071875 0.13125
0 0.0421875 0.82890625 0.046875 0.0796875
0 0.06328125 0.60078125 0.0375 0.05234375
0 0.221875 0.5953125 0.03359375 0.0484375
0 0.09765625 0.65390625 0.02265625 0.06484375
0 0.08046875 0.68203125 0.0171875 0.05703125
0 0.10390625 0.77421875 0.03203125 0.06640625
0 0.01875 0.79375 0.0375 0.09375
0 0.43359375 0.61640625 0.02578125 0.04453125
0 0.3453125 0.60625 0.0296875 0.046875
0 0.39375 0.615625 0.02265625 0.03125
0 0.47734375 0.57734375 0.03125 0.05
0 0.6390625 0.6171875 0.02890625 0.04375
0 0.690625 0.59765625 0.02578125 0.0421875
0 0.2875 0.62421875 0.0296875 0.0359375
0 0.27265625 0.6125 0.0296875 0.046875
0 0.03203125 0.56640625 0.02265625 0.028125
0 0.72578125 0.59140625 0.025 0.0421875
0 0.76015625 0.584375 0.0296875 0.0390625
0 0.81328125 0.58984375 0.03203125 0.0453125
0 0.8765625 0.6140625 0.02890625 0.040625
0 0.83671875 0.64765625 0.03203125 0.0453125
0 0.96484375 0.6203125 0.0328125 0.034375
0 0.7203125 0.9734375 0.04375 0.053125
0 0.8921875 0.98046875 0.05703125 0.0390625
0 0.14609375 0.5859375 0.021875 0.05234375
0 0.084375 0.5703125 0.025 0.03125
0 0.0578125 0.56328125 0.0265625 0.02421875