0 0.09375 0.51953125 0.07421875 0.178125
0 0.05390625 0.61953125 0.0703125 0.18515625
0 0.01484375 0.50859375 0.0296875 0.09609375
0 0.02578125 0.8375 0.0515625 0.146875
0 0.1578125 0.82890625 0.08203125 0.15625
0 0.315625 0.7046875 0.0640625 0.15625
0 0.378125 0.49609375 0.05625 0.1
0 0.3359375 0.4890625 0.06796875 0.1
0 0.23515625 0.5109375 0.0359375 0.078125
0 0.2078125 0.56015625 0.0359375 0.06796875
0 0.159375 0.53046875 0.05234375 0.12421875
0 0.165625 0.40390625 0.0296875 0.05
0 0.24609375 0.384375 0.03828125 0.06015625
0 0.265625 0.4484375 0.034375 0.08515625
0 0.08203125 0.3859375 0.02421875 0.0390625
0 0.02578125 0.4375 0.03203125 0.05703125
0 0.4390625 0.38984375 0.03828125 0.053125
0 0.44765625 0.2921875 0.01796875 0.0390625
0 0.528125 0.41484375 0.028125 0.0640625
0 0.44609375 0.715625 0.078125 0.203125
0 0.41875 0.92734375 0.0921875 0.13203125
0 0.584375 0.8875 0.090625 0.225
0 0.64609375 0.81875 0.0921875 0.14609375
0 0.73671875 0.74765625 0.05390625 0.09609375
0 0.925 0.9015625 0.121875 0.196875
0 0.865625 0.7203125 0.021875 0.06796875
0 0.834375 0.53203125 0.03828125 0.075
0 0.91328125 0.4890625 0.0421875 0.08515625
0 0.9171875 0.5640625 0.0296875 0.06796875
0 0.89921875 0.5921875 0.02421875 0.05703125
0 0.9765625 0.77109375 0.046875 0.1140625
0 0.98515625 0.63359375 0.0296875 0.11015625
0 0.9703125 0.29375 0.03203125 0.05
0 0.9921875 0.321875 0.015625 0.053125
0 0.86171875 0.26171875 0.01171875 0.04609375
0 0.90234375 0.26328125 0.021875 0.0390625
0 0.62265625 0.50390625 0.034375 0.078125
0 0.65703125 0.4984375 0.0359375 0.09609375
0 0.57109375 0.4625 0.04765625 0.053125
0 0.66015625 0.30625 0.02421875 0.04609375
0 0.42109375 0.32734375 0.0203125 0.0359375
0 0.69921875 0.48046875 0.03828125 0.06796875
0 0.721875 0.53359375 0.034375 0.06015625
0 0.796875 0.425 0.034375 0.075
0 0.8453125 0.3578125 0.028125 0.0390625
0 0.8546875 0.4203125 0.0203125 0.028125
0 0.90625 0.3734375 0.015625 0.04296875
0 0.30625 0.31484375 0.01796875 0.028125
0 0.2109375 0.459375 0.02578125 0.0359375
0 0.203125 0.49609375 0.028125 0.04296875
0 0.121875 0.39296875 0.015625 0.04609375
0 0.13828125 0.37578125 0.02421875 0.053125
0 0.159375 0.33828125 0.015625 0.028125
0 0.2046875 0.33984375 0.02578125 0.0359375
0 0.1859375 0.30078125 0.0203125 0.05
0 0.253125 0.2796875 0.01796875 0.0359375
0 0.1 0.3203125 0.01796875 0.03203125
0 0.2671875 0.28984375 0.01171875 0.025
0 0.27109375 0.31875 0.0140625 0.02109375
0 0.27421875 0.33828125 0.01171875 0.01796875
0 0.32578125 0.2828125 0.01796875 0.0359375
0 0.4078125 0.26328125 0.0140625 0.02109375
0 0.3828125 0.28828125 0.0140625 0.03203125
0 0.36875 0.3828125 0.028125 0.053125
0 0.40078125 0.3953125 0.021875 0.05703125
0 0.4453125 0.26015625 0.01796875 0.02109375
0 0.46484375 0.26328125 0.01171875 0.0140625
0 0.51015625 0.26484375 0.01171875 0.028125
0 0.44296875 0.4609375 0.02578125 0.0390625
0 0.51875 0.30625 0.0203125 0.03203125
0 0.5890625 0.2703125 0.0140625 0.0359375
0 0.5609375 0.3984375 0.0296875 0.05703125
0 0.6546875 0.3828125 0.02421875 0.0359375
0 0.67265625 0.3703125 0.0203125 0.04296875
0 0.72578125 0.3953125 0.02421875 0.053125
0 0.7109375 0.32578125 0.0203125 0.0359375
0 0.6828125 0.29921875 0.0140625 0.028125
0 0.75625 0.396875 0.0140625 0.0359375
0 0.76796875 0.475 0.021875 0.06015625
0 0.74921875 0.33984375 0.01796875 0.0359375
0 0.80234375 0.31484375 0.015625 0.04609375
0 0.81171875 0.296875 0.015625 0.0359375
0 0.78203125 0.26171875 0.015625 0.025
0 0.759375 0.26171875 0.015625 0.01796875
0 0.74609375 0.29921875 0.01171875 0.028125
0 0.7171875 0.2671875 0.01171875 0.028125
0 0.79296875 0.6921875 0.0421875 0.10703125
0 0.81171875 0.66015625 0.03828125 0.0640625
0 0.85 0.5921875 0.0421875 0.07109375
0 0.8546875 0.4890625 0.0296875 0.05