0 0.4390625 0.39453125 0.02890625 0.04765625
0 0.79921875 0.425 0.03046875 0.07109375
0 0.265625 0.44296875 0.02421875 0.06484375
0 0.56796875 0.45546875 0.03515625 0.03671875
0 0.696875 0.47578125 0.04765625 0.06328125
0 0.33671875 0.4828125 0.04609375 0.09921875
0 0.9125 0.4890625 0.03984375 0.07734375
0 0.6546875 0.49296875 0.03046875 0.08515625
0 0.375 0.49375 0.0453125 0.0703125
0 0.62578125 0.4984375 0.0390625 0.08046875
0 0.0890625 0.5015625 0.06015625 0.128125
0 0.165625 0.5203125 0.0421875 0.12109375
0 0.834375 0.53125 0.0328125 0.0609375
0 0.91796875 0.55625 0.03046875 0.06953125
0 0.05234375 0.609375 0.0640625 0.159375
0 0.79140625 0.6921875 0.0265625 0.09921875
0 0.3171875 0.70859375 0.04921875 0.1484375
0 0.44453125 0.72109375 0.0703125 0.20625
0 0.7390625 0.74765625 0.0515625 0.1015625
0 0.9765625 0.76640625 0.046875 0.1046875
0 0.5953125 0.88203125 0.0875 0.2359375
0 0.92109375 0.90703125 0.11171875 0.1859375
0 0.4125 0.934375 0.07578125 0.13125