0 0.58984375 0.39375 0.15546875 0.3
0 0.89609375 0.53359375 0.07421875 0.19609375
0 0.85 0.54296875 0.08203125 0.20625
0 0.115625 0.5609375 0.1671875 0.21875
0 0.50625 0.63828125 0.1046875 0.240625
0 0.215625 0.67109375 0.06171875 0.1828125
0 0.32109375 0.7703125 0.1359375 0.284375
0 0.05390625 0.79296875 0.10390625 0.2625
0 0.74765625 0.81640625 0.13828125 0.36640625
0 0.88671875 0.31171875 0.22578125 0.43046875
0 0.6234375 0.584375 0.03828125 0.121875
0 0.284375 0.89609375 0.07109375 0.14453125
0 0.47421875 0.853125 0.065625 0.1140625
0 0.4421875 0.8046875 0.08125 0.09375
0 0.284375 0.63515625 0.0515625 0.2234375
0 0.7828125 0.66484375 0.04296875 0.06875