0 0.87890625 0.3078125 0.2421875 0.4765625
0 0.8921875 0.565625 0.065625 0.1921875
0 0.846875 0.565625 0.07421875 0.20625
0 0.58984375 0.38984375 0.1703125 0.31328125
0 0.50390625 0.63359375 0.1078125 0.26015625
0 0.73046875 0.8109375 0.1609375 0.378125
0 0.78671875 0.66171875 0.05625 0.0890625
0 0.46875 0.8609375 0.0796875 0.1171875
0 0.31484375 0.7671875 0.15625 0.3453125
0 0.21328125 0.6671875 0.08203125 0.19609375
0 0.1140625 0.56796875 0.16796875 0.23828125
0 0.053125 0.784375 0.10625 0.28125
0 0.43125 0.80078125 0.034375 0.08515625
0 0.6296875 0.5796875 0.05234375 0.128125
0 0.83515625 0.78125 0.05 0.06015625