0 0.81328125 0.28828125 0.28984375 0.5765625
0 0.83671875 0.93203125 0.05 0.13515625
0 0.93203125 0.70078125 0.03828125 0.0890625
0 0.6078125 0.9125 0.06015625 0.13203125
0 0.57578125 0.884375 0.05625 0.12109375
0 0.6609375 0.9640625 0.06796875 0.07109375
0 0.76328125 0.965625 0.0578125 0.06875
0 0.58125 0.6296875 0.0359375 0.053125
0 0.41171875 0.76171875 0.05 0.078125
0 0.46328125 0.703125 0.028125 0.04296875
0 0.52421875 0.68515625 0.0359375 0.06015625
0 0.55 0.75625 0.05234375 0.1
0 0.4828125 0.89296875 0.1 0.21328125
0 0.59296875 0.7421875 0.04375 0.07109375
0 0.64296875 0.7078125 0.0359375 0.0890625
0 0.3203125 0.9 0.0296875 0.06796875
0 0.028125 0.76484375 0.05625 0.08203125
0 0.03671875 0.7171875 0.0296875 0.04609375
0 0.17421875 0.7953125 0.0359375 0.05703125
0 0.1328125 0.9609375 0.04765625 0.078125
0 0.25234375 0.70078125 0.034375 0.075
0 0.2609375 0.66171875 0.034375 0.06015625
0 0.33125 0.7296875 0.0296875 0.04296875
0 0.46015625 0.75234375 0.03828125 0.0390625
0 0.4421875 0.653125 0.021875 0.04296875
0 0.32890625 0.67265625 0.021875 0.03203125
0 0.11328125 0.81328125 0.04609375 0.0890625
0 0.7109375 0.653125 0.028125 0.05703125
0 0.67890625 0.63203125 0.01796875 0.04296875