0 0.55 0.75234375 0.05 0.0921875
0 0.4109375 0.76328125 0.05390625 0.07890625
0 0.6671875 0.78984375 0.00234375 0.00390625
0 0.45703125 0.8609375 0.04609375 0.15234375
0 0.57421875 0.88125 0.0375 0.12421875
0 0.603125 0.9046875 0.053125 0.11875
0 0.8328125 0.93203125 0.04765625 0.13515625
0 0.6671875 0.96875 0.05703125 0.0625
0 0.81484375 0.28828125 0.2765625 0.56640625
0 0.025 0.76328125 0.04453125 0.075
0 0.32265625 0.8984375 0.021875 0.04609375
0 0.17578125 0.784375 0.02109375 0.03828125
0 0.13359375 0.95546875 0.03203125 0.0578125
0 0.1078125 0.81640625 0.025 0.04921875
0 0.2546875 0.70078125 0.02734375 0.04921875
0 0.328125 0.72890625 0.015625 0.03359375
0 0.57734375 0.628125 0.01640625 0.03046875
0 0.64375 0.70859375 0.02109375 0.07109375
0 0.76171875 0.9640625 0.059375 0.071875
0 0.44140625 0.6578125 0.01484375 0.0265625
0 0.4625 0.69765625 0.028125 0.04375
0 0.52109375 0.6890625 0.02265625 0.04609375
0 0.334375 0.8703125 0.02265625 0.0390625
0 0.49609375 0.91796875 0.06171875 0.13515625
0 0.4390625 0.62421875 0.0125 0.02265625
0 0.3484375 0.721875 0.0125 0.03046875
0 0.38046875 0.73359375 0.0265625 0.03515625
0 0.31328125 0.7546875 0.015625 0.03359375
0 0.14375 0.82109375 0.0296875 0.0546875
0 0.34921875 0.9484375 0.01796875 0.10234375
0 0.45859375 0.75 0.0265625 0.03203125
0 0.1515625 0.6671875 0.01640625 0.0265625
0 0.9328125 0.69375 0.03671875 0.071875
0 0.62109375 0.696875 0.0234375 0.05390625
0 0.59375 0.7421875 0.028125 0.05078125
0 0.68828125 0.7125 0.0265625 0.04765625
0 0.0265625 0.9375 0.053125 0.04765625