0 0.0515625 0.50390625 0.059375 0.0875
0 0.434375 0.50390625 0.053125 0.0625
0 0.8671875 0.50625 0.06875 0.07109375
0 0.5265625 0.52734375 0.071875 0.10390625
0 0.1453125 0.54609375 0.0625 0.08359375
0 0.4 0.55 0.046875 0.07890625
0 0.70625 0.56015625 0.075 0.08359375
0 0.225 0.5625 0.065625 0.09140625
0 0.334375 0.57265625 0.075 0.075
0 0.4421875 0.575 0.0625 0.075
0 0.8765625 0.58359375 0.084375 0.1125
0 0.65 0.59375 0.078125 0.0875
0 0.7953125 0.6109375 0.065625 0.0828125
0 0.7375 0.65234375 0.059375 0.0953125
0 0.421875 0.68359375 0.096875 0.1125
0 0.6625 0.68125 0.1 0.1453125
0 0.2890625 0.69375 0.090625 0.12109375
0 0.140625 0.7125 0.084375 0.1375
0 0.4140625 0.7953125 0.13125 0.20078125
0 0.3296875 0.80390625 0.10625 0.15859375
0 0.575 0.80390625 0.06875 0.09609375
0 0.0875 0.87734375 0.128125 0.16640625
0 0.96484375 0.63828125 0.06875 0.08203125
0 0.95234375 0.56015625 0.053125 0.0703125
0 0.08203125 0.55859375 0.05546875 0.07421875
0 0.27578125 0.5296875 0.03984375 0.0765625
0 0.325 0.528125 0.053125 0.0421875
0 0.40078125 0.5453125 0.0484375 0.08125
0 0.48828125 0.59609375 0.03359375 0.04921875
0 0.771875 0.53125 0.0421875 0.05625
0 0.94140625 0.51015625 0.034375 0.0328125
0 0.9734375 0.509375 0.02734375 0.02734375