0 0.0515625 0.50390625 0.0609375 0.08671875
0 0.43359375 0.50390625 0.053125 0.0609375
0 0.8671875 0.50625 0.06796875 0.07265625
0 0.5265625 0.52578125 0.0703125 0.10390625
0 0.14609375 0.546875 0.06171875 0.08515625
0 0.4 0.55078125 0.046875 0.07734375
0 0.70625 0.559375 0.07578125 0.08203125
0 0.225 0.56171875 0.065625 0.09140625
0 0.33515625 0.5734375 0.07578125 0.075
0 0.44140625 0.57421875 0.06171875 0.07421875
0 0.87734375 0.58359375 0.08359375 0.1109375
0 0.65078125 0.59453125 0.0796875 0.0859375
0 0.79609375 0.6140625 0.0640625 0.0734375
0 0.73828125 0.653125 0.05859375 0.0921875
0 0.42109375 0.684375 0.09765625 0.1140625
0 0.6625 0.6859375 0.1015625 0.13828125
0 0.2890625 0.69453125 0.09140625 0.11875
0 0.140625 0.71171875 0.0828125 0.13828125
0 0.41328125 0.80234375 0.13203125 0.1875
0 0.3296875 0.80390625 0.10703125 0.159375
0 0.57578125 0.8046875 0.06953125 0.09765625
0 0.08828125 0.87734375 0.12734375 0.16796875