0 0.0859375 0.87734375 0.13125 0.18359375
0 0.13125 0.71015625 0.08125 0.13359375
0 0.046875 0.50390625 0.065625 0.0875
0 0.1421875 0.55390625 0.059375 0.1
0 0.0796875 0.5625 0.06875 0.09140625
0 0.2171875 0.5625 0.075 0.09609375
0 0.2890625 0.70390625 0.1 0.14140625
0 0.3296875 0.79609375 0.103125 0.18359375
0 0.4109375 0.79375 0.134375 0.20390625
0 0.4234375 0.67265625 0.1125 0.1
0 0.5734375 0.8 0.084375 0.1
0 0.6578125 0.69375 0.09375 0.17109375
0 0.7453125 0.65 0.06875 0.1
0 0.771875 0.69140625 0.075 0.06640625
0 0.7953125 0.61640625 0.065625 0.08359375
0 0.8765625 0.58125 0.084375 0.12890625
0 0.9625 0.6375 0.06875 0.09140625
0 0.9484375 0.55859375 0.06875 0.09140625
0 0.8609375 0.49609375 0.078125 0.07109375
0 0.6484375 0.59375 0.103125 0.09140625
0 0.70625 0.55859375 0.075 0.0875
0 0.5296875 0.52265625 0.078125 0.10390625
0 0.44375 0.57265625 0.0625 0.1
0 0.4359375 0.49609375 0.046875 0.0625
0 0.409375 0.55 0.059375 0.09609375
0 0.325 0.57109375 0.075 0.09609375
0 0.2703125 0.53125 0.05625 0.08359375
0 0.2234375 0.47890625 0.028125 0.04609375
0 0.171875 0.48984375 0.03125 0.04140625
0 0.1328125 0.46875 0.028125 0.02890625
0 0.33125 0.47734375 0.025 0.02890625
0 0.4859375 0.59609375 0.065625 0.05859375
0 0.76875 0.52890625 0.04375 0.05859375
0 0.7921875 0.5125 0.0375 0.05390625
0 0.81875 0.49765625 0.040625 0.04140625
0 0.8109375 0.46875 0.028125 0.0375
0 0.9203125 0.49375 0.0375 0.04609375
0 0.940625 0.47265625 0.028125 0.03359375
0 0.975 0.46875 0.025 0.03359375
0 0.915625 0.44375 0.021875 0.02890625
0 0.8328125 0.46640625 0.021875 0.0375
0 0.775 0.46640625 0.01875 0.03359375
0 0.753125 0.44140625 0.021875 0.025
0 0.734375 0.51015625 0.025 0.0375
0 0.70625 0.49375 0.03125 0.025
0 0.684375 0.47109375 0.025 0.02890625
0 0.6921875 0.44609375 0.025 0.02890625
0 0.6515625 0.49375 0.025 0.02890625
0 0.6546875 0.46484375 0.01875 0.025
0 0.6296875 0.48984375 0.021875 0.03359375
0 0.734375 0.48359375 0.025 0.02890625
0 0.7140625 0.45390625 0.015625 0.01640625
0 0.7828125 0.44140625 0.015625 0.01640625
0 0.8640625 0.45390625 0.01875 0.01640625
0 0.8875 0.44375 0.01875 0.02109375
0 0.63125 0.46640625 0.01875 0.025
0 0.63125 0.44375 0.01875 0.02109375
0 0.60625 0.475 0.03125 0.025
0 0.5953125 0.45625 0.01875 0.02890625
0 0.5734375 0.46484375 0.025 0.03359375
0 0.5375 0.4625 0.025 0.025
0 0.596875 0.52265625 0.0375 0.05390625
0 0.659375 0.53359375 0.046875 0.0625
0 0.465625 0.4875 0.021875 0.03359375
0 0.3765625 0.47734375 0.028125 0.025
0 0.1 0.46875 0.021875 0.02890625
0 0.134375 0.45 0.015625 0.01640625
0 0.3109375 0.46484375 0.021875 0.02890625