0 0.35625 0.5546875 0.05625 0.0953125
0 0.3140625 0.5828125 0.05625 0.11015625
0 0.0234375 0.58515625 0.046875 0.08515625
0 0.27578125 0.6015625 0.0515625 0.09453125
0 0.1890625 0.6375 0.0625 0.08515625
0 0.5578125 0.63984375 0.0375 0.0703125
0 0.38125 0.6578125 0.05 0.075
0 0.49375 0.66015625 0.05 0.075
0 0.665625 0.6625 0.05625 0.08515625
0 0.021875 0.67265625 0.04375 0.08515625
0 0.7484375 0.6875 0.04375 0.06015625
0 0.92265625 0.70390625 0.0796875 0.09296875
0 0.5859375 0.76015625 0.084375 0.16484375
0 0.1296875 0.76015625 0.146875 0.23046875
0 0.3859375 0.82421875 0.16953125 0.28125
0 0.9 0.84453125 0.2 0.3109375
0 0.8390625 0.6875 0.07421875 0.090625
0 0.04765625 0.79375 0.0609375 0.09921875
0 0.11484375 0.61875 0.05 0.07578125
0 0.06484375 0.64609375 0.04140625 0.05390625
0 0.2234375 0.61875 0.0453125 0.08671875
0 0.415625 0.6234375 0.02890625 0.059375
0 0.453125 0.60078125 0.03203125 0.03359375
0 0.4984375 0.5953125 0.02578125 0.04453125
0 0.52578125 0.6015625 0.0296875 0.05