0 0.35546875 0.55546875 0.05546875 0.0953125
0 0.31484375 0.58203125 0.05546875 0.1078125
0 0.0234375 0.584375 0.046875 0.08515625
0 0.27265625 0.59765625 0.05859375 0.1234375
0 0.1890625 0.63828125 0.06171875 0.084375
0 0.55703125 0.640625 0.0375 0.06875
0 0.38125 0.6578125 0.05 0.0734375
0 0.49296875 0.6609375 0.05078125 0.07734375
0 0.66640625 0.66328125 0.05625 0.0828125
0 0.0203125 0.6703125 0.040625 0.08984375
0 0.74765625 0.68671875 0.04453125 0.0609375
0 0.92265625 0.703125 0.08203125 0.09453125
0 0.58671875 0.76015625 0.084375 0.1640625
0 0.125 0.76640625 0.13828125 0.2125
0 0.384375 0.8375 0.15546875 0.25546875
0 0.9078125 0.84375 0.184375 0.31171875