0 0.35625 0.5546875 0.05625 0.0953125
0 0.3140625 0.5828125 0.05625 0.11015625
0 0.0234375 0.58515625 0.046875 0.08515625
0 0.271875 0.59765625 0.059375 0.125
0 0.1890625 0.6375 0.0625 0.08515625
0 0.5578125 0.63984375 0.0375 0.0703125
0 0.38125 0.6578125 0.05 0.075
0 0.49375 0.66015625 0.05 0.075
0 0.665625 0.6625 0.05625 0.08515625
0 0.021875 0.67265625 0.04375 0.08515625
0 0.7484375 0.6875 0.04375 0.06015625
0 0.9234375 0.70234375 0.08125 0.0953125
0 0.5859375 0.76015625 0.084375 0.16484375
0 0.125 0.7671875 0.1375 0.21484375
0 0.384375 0.8375 0.15625 0.2546875
0 0.9078125 0.84453125 0.184375 0.3109375