0 0.19375 0.4953125 0.1171875 0.3921875
0 0.14140625 0.0859375 0.0953125 0.171875
0 0.02578125 0.203125 0.0515625 0.26484375
0 0.0234375 0.59765625 0.046875 0.16171875
0 0.353125 0.4046875 0.0984375 0.33828125
0 0.4484375 0.34296875 0.0640625 0.30390625
0 0.51015625 0.5953125 0.1078125 0.3234375
0 0.28828125 0.8796875 0.1 0.23984375
0 0.34453125 0.0609375 0.0546875 0.121875
0 0.56875 0.23984375 0.078125 0.26484375
0 0.71953125 0.07578125 0.0765625 0.1515625
0 0.84296875 0.5046875 0.0671875 0.20625
0 0.55703125 0.86484375 0.1296875 0.26953125
0 0.67890625 0.85 0.1609375 0.3
0 0.7375 0.71328125 0.109375 0.33359375
0 0.740625 0.45859375 0.115625 0.34765625
0 0.65703125 0.29921875 0.125 0.38203125
0 0.96484375 0.3875 0.0703125 0.215625
0 0.96484375 0.56640625 0.0703125 0.3578125