0 0.2234375 0.47734375 0.02890625 0.034375
0 0.1625 0.478125 0.03359375 0.059375
0 0.05859375 0.496875 0.02734375 0.05390625
0 0.08515625 0.5265625 0.02734375 0.05546875
0 0.30390625 0.53125 0.02890625 0.03671875
0 0.509375 0.54921875 0.028125 0.04140625
0 0.68828125 0.55703125 0.02890625 0.0296875
0 0.4234375 0.55859375 0.03125 0.05078125
0 0.76328125 0.56015625 0.03359375 0.046875
0 0.45546875 0.5640625 0.03203125 0.04765625
0 0.60234375 0.5671875 0.03359375 0.0453125
0 0.31484375 0.57578125 0.0328125 0.04609375
0 0.284375 0.58359375 0.02578125 0.04296875
0 0.25 0.59453125 0.03515625 0.0578125
0 0.053125 0.6 0.03125 0.05390625
0 0.51171875 0.61015625 0.0375 0.04921875
0 0.7578125 0.6109375 0.025 0.04140625
0 0.35859375 0.61484375 0.03671875 0.046875
0 0.11796875 0.615625 0.03125 0.05625
0 0.76171875 0.66015625 0.0359375 0.04765625
0 0.71328125 0.665625 0.0375 0.05390625
0 0.59765625 0.6859375 0.03125 0.04765625
0 0.0921875 0.69609375 0.04921875 0.0640625
0 0.11484375 0.72421875 0.040625 0.06875
0 0.46015625 0.82421875 0.0390625 0.071875
0 0.065625 0.92734375 0.03125 0.0390625
0 0.3828125 0.94921875 0.06953125 0.1015625
0 0.040625 0.415625 0.02109375 0.0296875
0 0.70859375 0.421875 0.028125 0.03515625
0 0.971875 0.42578125 0.028125 0.03828125
0 0.0109375 0.45703125 0.02109375 0.0296875
0 0.3953125 0.4609375 0.0296875 0.0453125
0 0.4953125 0.4640625 0.02890625 0.0328125