0 0.2234375 0.4765625 0.028125 0.0328125
0 0.1625 0.47890625 0.034375 0.0609375
0 0.0578125 0.49765625 0.028125 0.0515625
0 0.0859375 0.52578125 0.028125 0.05625
0 0.3046875 0.53046875 0.028125 0.0375
0 0.509375 0.54921875 0.028125 0.0421875
0 0.6875 0.55625 0.028125 0.028125
0 0.4234375 0.55859375 0.03125 0.0515625
0 0.7625 0.5609375 0.034375 0.046875
0 0.4546875 0.5640625 0.03125 0.046875
0 0.6015625 0.56875 0.034375 0.046875
0 0.315625 0.57578125 0.034375 0.046875
0 0.284375 0.5828125 0.025 0.0421875
0 0.25 0.59453125 0.034375 0.05625
0 0.053125 0.6015625 0.03125 0.0515625
0 0.5109375 0.6109375 0.0375 0.046875
0 0.7578125 0.6109375 0.025 0.0421875
0 0.3578125 0.615625 0.0375 0.046875
0 0.1171875 0.615625 0.03125 0.05625
0 0.7625 0.66015625 0.0375 0.046875
0 0.7140625 0.66484375 0.0375 0.0515625
0 0.5984375 0.6859375 0.03125 0.046875
0 0.0921875 0.69609375 0.05 0.06640625
0 0.1140625 0.72421875 0.040625 0.07109375
0 0.459375 0.8234375 0.040625 0.07109375
0 0.065625 0.9265625 0.03125 0.0375
0 0.3828125 0.94765625 0.06875 0.1046875
0 0.040625 0.41484375 0.021875 0.028125
0 0.7078125 0.421875 0.028125 0.0328125
0 0.971875 0.4265625 0.028125 0.0375
0 0.0109375 0.4578125 0.021875 0.028125
0 0.3953125 0.46015625 0.028125 0.046875
0 0.4953125 0.46484375 0.028125 0.0328125