0 0.2234375 0.4765625 0.028125 0.0328125
0 0.165625 0.4796875 0.02734375 0.05859375
0 0.06015625 0.496875 0.02421875 0.040625
0 0.0859375 0.5296875 0.028125 0.04921875
0 0.3046875 0.53046875 0.028125 0.0375
0 0.509375 0.54921875 0.028125 0.0421875
0 0.6875 0.55625 0.028125 0.028125
0 0.7625 0.5609375 0.034375 0.046875
0 0.4546875 0.5640625 0.03125 0.046875
0 0.6015625 0.56875 0.034375 0.046875
0 0.315625 0.57578125 0.034375 0.046875
0 0.284375 0.5828125 0.025 0.0421875
0 0.25 0.59453125 0.034375 0.05625
0 0.053125 0.6015625 0.03125 0.0515625
0 0.51015625 0.60625 0.03828125 0.05625
0 0.7578125 0.6109375 0.025 0.0421875
0 0.3578125 0.615625 0.0375 0.046875
0 0.1171875 0.615625 0.03125 0.05625
0 0.7625 0.66015625 0.0375 0.046875
0 0.7140625 0.66484375 0.0375 0.0515625
0 0.5984375 0.6890625 0.03125 0.0421875
0 0.0921875 0.6984375 0.05 0.0609375
0 0.1140625 0.721875 0.040625 0.065625
0 0.459375 0.8296875 0.040625 0.0578125
0 0.065625 0.9265625 0.03125 0.0375
0 0.3828125 0.94765625 0.06875 0.1046875
0 0.040625 0.41484375 0.021875 0.028125
0 0.7078125 0.421875 0.028125 0.0328125
0 0.971875 0.4265625 0.028125 0.0375
0 0.0109375 0.4578125 0.021875 0.028125
0 0.4953125 0.46484375 0.028125 0.0328125
0 0.00625 0.509375 0.0125 0.03828125
0 0.0140625 0.48984375 0.02109375 0.025
0 0.07109375 0.44296875 0.02109375 0.0265625
0 0.08515625 0.4609375 0.0203125 0.02421875
0 0.42109375 0.57109375 0.021875 0.05234375
0 0.3890625 0.51328125 0.02109375 0.040625
0 0.5328125 0.478125 0.0171875 0.03046875
0 0.57265625 0.79140625 0.0203125 0.02734375
0 0.75703125 0.51328125 0.02890625 0.0375
0 0.8828125 0.40390625 0.0203125 0.02890625
0 0.50546875 0.5078125 0.02890625 0.03203125