0 0.6859375 0.53125 0.06171875 0.1296875
0 0.57421875 0.45 0.0796875 0.090625
0 0.521875 0.50625 0.08203125 0.13515625
0 0.459375 0.40546875 0.065625 0.1203125
0 0.54765625 0.65546875 0.04609375 0.09921875
0 0.3546875 0.7125 0.09609375 0.13515625
0 0.275 0.76796875 0.034375 0.06328125
0 0.23984375 0.828125 0.03984375 0.075
0 0.22890625 0.6328125 0.0359375 0.06328125
0 0.19375 0.5453125 0.02578125 0.0453125
0 0.15625 0.52734375 0.02421875 0.0328125
0 0.09765625 0.76328125 0.05 0.075
0 0.17265625 0.68359375 0.0421875 0.07265625
0 0.15625 0.81171875 0.01171875 0.02421875
0 0.1890625 0.834375 0.02421875 0.06015625
0 0.2140625 0.69765625 0.0203125 0.0484375
0 0.246875 0.7015625 0.034375 0.05703125
0 0.27734375 0.7046875 0.03984375 0.0484375
0 0.278125 0.64921875 0.03984375 0.0484375
0 0.10234375 0.59375 0.02421875 0.0453125
0 0.0546875 0.6296875 0.02421875 0.0359375
0 0.009375 0.59765625 0.01796875 0.0390625