0 0.459375 0.40390625 0.059375 0.09765625
0 0.57421875 0.45 0.0421875 0.08203125
0 0.5265625 0.5046875 0.0671875 0.1203125
0 0.69296875 0.52578125 0.03828125 0.0875
0 0.2296875 0.634375 0.0359375 0.05390625
0 0.17109375 0.68359375 0.03203125 0.0453125
0 0.253125 0.70703125 0.03828125 0.04140625
0 0.35625 0.71328125 0.0796875 0.12109375
0 0.09921875 0.76796875 0.03984375 0.05390625
0 0.24375 0.8328125 0.0359375 0.05703125
0 0.546875 0.64296875 0.0234375 0.06171875
0 0.2765625 0.76953125 0.0265625 0.03671875
0 0.19453125 0.54765625 0.02578125 0.0296875
0 0.0546875 0.62890625 0.01640625 0.02265625
0 0.1 0.590625 0.01484375 0.03515625
0 0.278125 0.64921875 0.02734375 0.03828125
0 0.21484375 0.69375 0.01640625 0.03359375
0 0.1875 0.83359375 0.0203125 0.04375
0 0.66015625 0.98203125 0.03984375 0.0359375