0 0.87109375 0.6484375 0.25 0.325
0 0.2171875 0.815625 0.228125 0.3640625
0 0.50625 0.51171875 0.525 0.54375
0 0.31015625 0.2421875 0.4609375 0.484375
0 0.6140625 0.84765625 0.3171875 0.303125
0 0.63359375 0.25 0.4921875 0.5
0 0.89921875 0.16015625 0.1890625 0.2796875
0 0.0328125 0.67890625 0.065625 0.2421875
0 0.93828125 0.4296875 0.1234375 0.1375
0 0.04296875 0.2515625 0.0859375 0.35625
0 0.02421875 0.46171875 0.0484375 0.1734375
0 0.9546875 0.85703125 0.090625 0.2578125
0 0.82109375 0.39609375 0.18125 0.3078125
0 0.9890625 0.26640625 0.021875 0.1328125
0 0.23125 0.44609375 0.2359375 0.43125
0 0.5859375 0.94453125 0.453125 0.1109375
0 0.74765625 0.69296875 0.0890625 0.1375