0 0.25234375 0.89296875 0.07109375 0.08203125
0 0.22265625 0.94375 0.05 0.08203125
0 0.0875 0.93359375 0.04609375 0.08828125
0 0.02265625 0.9046875 0.0453125 0.1
0 0.02890625 0.7765625 0.05390625 0.08203125
0 0.01484375 0.7515625 0.02890625 0.08828125
0 0.04375 0.6984375 0.04140625 0.06953125
0 0.01015625 0.603125 0.0203125 0.08125
0 0.05 0.59765625 0.0375 0.05625
0 0.09765625 0.67890625 0.04609375 0.05
0 0.10234375 0.7296875 0.04609375 0.05625
0 0.06640625 0.87421875 0.05 0.07578125
0 0.1875 0.82734375 0.05859375 0.08828125
0 0.11015625 0.60078125 0.04609375 0.06953125
0 0.07109375 0.540625 0.02890625 0.06328125
0 0.03984375 0.521875 0.04140625 0.06328125
0 0.12734375 0.43046875 0.02890625 0.05625
0 0.08359375 0.38671875 0.02890625 0.04375
0 0.12109375 0.34296875 0.02890625 0.03125
0 0.06875 0.3015625 0.02109375 0.0375
0 0.04375 0.1890625 0.025 0.03125
0 0.01484375 0.18515625 0.025 0.0375
0 0.03984375 0.41796875 0.02109375 0.04375
0 0.02734375 0.38984375 0.025 0.05
0 0.0125 0.43671875 0.025 0.05
0 0.18984375 0.63515625 0.05390625 0.06953125
0 0.16015625 0.62890625 0.02890625 0.06328125
0 0.15234375 0.7421875 0.0375 0.06328125
0 0.29140625 0.8078125 0.05859375 0.08828125
0 0.28984375 0.7078125 0.05390625 0.08828125
0 0.24609375 0.7734375 0.04140625 0.06328125
0 0.30234375 0.9625 0.04609375 0.05625
0 0.14609375 0.55 0.02890625 0.06328125
0 0.17109375 0.39296875 0.04140625 0.05
0 0.26484375 0.42109375 0.02890625 0.04375
0 0.21015625 0.5375 0.0375 0.06328125
0 0.1875 0.496875 0.0375 0.05
0 0.31484375 0.459375 0.02890625 0.06953125
0 0.29609375 0.40859375 0.02890625 0.06328125
0 0.375 0.63828125 0.04609375 0.06328125
0 0.33125 0.57578125 0.0375 0.05
0 0.275 0.62578125 0.0375 0.05625
0 0.27734375 0.57265625 0.02890625 0.04375
0 0.3875 0.7046875 0.05 0.08203125
0 0.36484375 0.89921875 0.05390625 0.07578125
0 0.39375 0.95625 0.05390625 0.06328125
0 0.44609375 0.88046875 0.04140625 0.06328125
0 0.46015625 0.7890625 0.03359375 0.05625
0 0.5 0.84296875 0.05 0.07578125
0 0.57734375 0.7953125 0.04609375 0.08203125
0 0.55859375 0.7171875 0.04609375 0.08203125
0 0.55625 0.93359375 0.05859375 0.09453125
0 0.5078125 0.96796875 0.059375 0.0640625
0 0.52734375 0.90546875 0.07109375 0.10078125
0 0.50625 0.49375 0.03359375 0.06328125
0 0.47890625 0.51875 0.03359375 0.06328125
0 0.45 0.55625 0.0375 0.06328125
0 0.40234375 0.57890625 0.04609375 0.04375
0 0.40234375 0.50625 0.02890625 0.04375
0 0.35 0.45 0.04609375 0.05625
0 0.36484375 0.37109375 0.03359375 0.04375
0 0.32265625 0.36796875 0.02890625 0.04375
0 0.18984375 0.2921875 0.0375 0.05625
0 0.45859375 0.40234375 0.0375 0.04375
0 0.40390625 0.41484375 0.03359375 0.06328125
0 0.43359375 0.7140625 0.04609375 0.08828125
0 0.51015625 0.7328125 0.04609375 0.08203125
0 0.57265625 0.60390625 0.0375 0.08203125
0 0.525 0.60078125 0.03359375 0.05625
0 0.50390625 0.60078125 0.0625 0.08203125
0 0.57109375 0.509375 0.0375 0.05
0 0.62109375 0.57890625 0.04140625 0.05625
0 0.60390625 0.42421875 0.03359375 0.05625
0 0.57109375 0.41171875 0.0375 0.05625
0 0.6125 0.5125 0.03359375 0.06328125
0 0.62890625 0.471875 0.0375 0.05
0 0.66484375 0.44375 0.0375 0.05625
0 0.67734375 0.490625 0.03359375 0.05625
0 0.61875 0.68515625 0.04140625 0.05625
0 0.6140625 0.95859375 0.053125 0.0828125
0 0.63984375 0.87421875 0.0375 0.07578125
0 0.69375 0.7703125 0.03359375 0.05625
0 0.68125 0.67578125 0.03359375 0.06328125
0 0.66015625 0.62578125 0.0375 0.06328125
0 0.71015625 0.61953125 0.04609375 0.05625
0 0.7375 0.7953125 0.0375 0.05
0 0.71875 0.85234375 0.04609375 0.06953125
0 0.69140625 0.83359375 0.05859375 0.05625
0 0.69375 0.90859375 0.04609375 0.08203125
0 0.77890625 0.86796875 0.04609375 0.06953125
0 0.83125 0.92109375 0.04609375 0.06953125
0 0.79921875 0.96171875 0.0546875 0.0765625
0 0.81015625 0.7265625 0.04140625 0.06953125
0 0.76875 0.68515625 0.0375 0.06328125
0 0.73359375 0.7203125 0.03359375 0.05625
0 0.74375 0.65703125 0.0375 0.05625
0 0.78515625 0.59140625 0.0375 0.09453125
0 0.71015625 0.525 0.04140625 0.05625
0 0.78984375 0.38984375 0.0375 0.06953125
0 0.89375 0.63828125 0.0375 0.05625
0 0.88515625 0.59140625 0.0375 0.05625
0 0.91484375 0.6921875 0.04609375 0.05625
0 0.94609375 0.60390625 0.0375 0.05625
0 0.95859375 0.7359375 0.04140625 0.06953125
0 0.96015625 0.7984375 0.05859375 0.08203125
0 0.9703125 0.96484375 0.05 0.0703125
0 0.7625 0.50625 0.03359375 0.05625
0 0.83125 0.41796875 0.0375 0.05
0 0.84609375 0.34921875 0.0375 0.05625
0 0.89375 0.37421875 0.02890625 0.05
0 0.91640625 0.33984375 0.02890625 0.05625
0 0.9 0.465625 0.03359375 0.06328125
0 0.96640625 0.43046875 0.04609375 0.06953125
0 0.9375 0.40546875 0.025 0.08203125
0 0.81640625 0.62578125 0.03359375 0.06328125
0 0.31875 0.2578125 0.02890625 0.0375
0 0.65625 0.7515625 0.04609375 0.09453125
0 0.35625 0.7203125 0.03359375 0.05625
0 0.34609375 0.7703125 0.04140625 0.05625
0 0.33125 0.85234375 0.05390625 0.07578125
0 0.16015625 0.90234375 0.03359375 0.06328125
0 0.12890625 0.87421875 0.03359375 0.05625
0 0.225 0.40546875 0.02890625 0.04375
0 0.28515625 0.2484375 0.0375 0.04375
0 0.47890625 0.31484375 0.02890625 0.0375
0 0.55 0.35859375 0.04140625 0.0375
0 0.53515625 0.2109375 0.02109375 0.04375
0 0.66640625 0.37421875 0.03359375 0.05
0 0.74765625 0.32734375 0.03359375 0.04375
0 0.75859375 0.3015625 0.03359375 0.04375
0 0.69609375 0.3078125 0.02890625 0.04375
0 0.84765625 0.2421875 0.02890625 0.04375
0 0.93984375 0.17265625 0.02890625 0.05
0 0.73515625 0.44375 0.0375 0.04375
0 0.72890625 0.39609375 0.02890625 0.04375
0 0.59140625 0.38046875 0.04140625 0.06328125
0 0.40625 0.31796875 0.0375 0.05
0 0.24609375 0.66328125 0.05390625 0.07578125
0 0.94765625 0.2796875 0.02890625 0.04375
0 0.66875 0.2140625 0.03359375 0.04375