0 0.1078125 0.5265625 0.04765625 0.0921875
0 0.184375 0.45234375 0.04609375 0.078125
0 0.11484375 0.35625 0.021875 0.05
0 0.22109375 0.2046875 0.0296875 0.05
0 0.334375 0.140625 0.028125 0.06015625
0 0.37109375 0.1265625 0.02578125 0.06796875
0 0.4078125 0.115625 0.02421875 0.04296875
0 0.484375 0.11171875 0.02421875 0.028125
0 0.540625 0.1421875 0.03203125 0.053125
0 0.55078125 0.19765625 0.03828125 0.05703125
0 0.7 0.29375 0.0421875 0.078125
0 0.653125 0.22578125 0.03203125 0.0359375
0 0.884375 0.02109375 0.021875 0.0421875
0 0.83203125 0.04296875 0.02421875 0.05
0 0.5390625 0.590625 0.05 0.0890625
0 0.45703125 0.6046875 0.04375 0.1
0 0.378125 0.7078125 0.04765625 0.103125
0 0.32578125 0.628125 0.06171875 0.09609375
0 0.2609375 0.61171875 0.05 0.075
0 0.1359375 0.54765625 0.05 0.0890625
0 0.075 0.4078125 0.028125 0.0390625
0 0.02109375 0.4984375 0.0203125 0.04296875
0 0.09609375 0.190625 0.021875 0.028125
0 0.02421875 0.24765625 0.02421875 0.04296875
0 0.2140625 0.34375 0.034375 0.0390625
0 0.2453125 0.2921875 0.02421875 0.04296875
0 0.240625 0.44296875 0.02421875 0.06015625
0 0.27109375 0.45546875 0.02421875 0.05
0 0.3 0.47890625 0.03203125 0.06015625
0 0.3421875 0.3953125 0.02421875 0.053125
0 0.378125 0.34375 0.028125 0.0640625
0 0.32109375 0.309375 0.028125 0.05
0 0.0671875 0.64921875 0.03828125 0.06015625
0 0.03671875 0.67421875 0.04765625 0.09609375
0 0.17890625 0.690625 0.03828125 0.05
0 0.4671875 0.4609375 0.028125 0.0640625
0 0.46796875 0.69765625 0.05 0.08515625
0 0.56015625 0.70078125 0.04375 0.0890625
0 0.5453125 0.85234375 0.0421875 0.075
0 0.35 0.88984375 0.034375 0.06796875
0 0.371875 0.18828125 0.02578125 0.053125
0 0.56171875 0.51796875 0.0421875 0.06015625
0 0.56328125 0.4484375 0.03984375 0.053125
0 0.5109375 0.48046875 0.03828125 0.07109375
0 0.56171875 0.31640625 0.028125 0.075
0 0.47734375 0.28125 0.03828125 0.06015625
0 0.4703125 0.22421875 0.034375 0.06015625
0 0.40078125 0.1640625 0.0359375 0.053125
0 0.24765625 0.35234375 0.034375 0.053125
0 0.19375 0.2546875 0.028125 0.05
0 0.615625 0.7078125 0.04375 0.078125
0 0.58203125 0.63203125 0.0421875 0.075
0 0.63828125 0.64765625 0.0359375 0.0640625
0 0.6046875 0.42890625 0.0296875 0.06015625
0 0.6796875 0.72421875 0.04765625 0.06796875
0 0.71015625 0.55859375 0.06171875 0.0890625
0 0.66796875 0.5140625 0.03984375 0.0640625
0 0.74375 0.475 0.034375 0.078125
0 0.71875 0.34140625 0.03828125 0.075
0 0.7578125 0.32421875 0.0296875 0.06796875
0 0.71328125 0.21171875 0.03828125 0.05703125
0 0.740625 0.1640625 0.034375 0.075
0 0.59765625 0.21875 0.034375 0.0640625
0 0.78515625 0.46953125 0.04375 0.07109375
0 0.83828125 0.5890625 0.0421875 0.08515625
0 0.86875 0.55 0.028125 0.0640625
0 0.934375 0.578125 0.04765625 0.0890625
0 0.93203125 0.46953125 0.034375 0.0640625
0 0.87890625 0.44296875 0.03203125 0.078125
0 0.85 0.45546875 0.05 0.07109375
0 0.84921875 0.2796875 0.03828125 0.04296875
0 0.84921875 0.21171875 0.0359375 0.06796875
0 0.825 0.16171875 0.03984375 0.07109375
0 0.98515625 0.63203125 0.0296875 0.06015625
0 0.81875 0.8609375 0.03828125 0.09609375
0 0.89765625 0.68828125 0.0359375 0.09609375
0 0.58984375 0.36328125 0.0296875 0.05703125
0 0.3171875 0.25625 0.0359375 0.05703125
0 0.4546875 0.3453125 0.0203125 0.03203125
0 0.5296875 0.4203125 0.02421875 0.05
0 0.621875 0.36640625 0.0359375 0.06015625
0 0.6578125 0.27734375 0.015625 0.03203125
0 0.84296875 0.39296875 0.028125 0.04609375
0 0.915625 0.36640625 0.03203125 0.053125
0 0.8921875 0.359375 0.028125 0.05
0 0.9796875 0.1671875 0.02421875 0.04609375
0 0.6421875 0.11171875 0.01796875 0.0359375
0 0.50078125 0.8484375 0.0359375 0.08515625
0 0.734375 0.73828125 0.034375 0.053125
0 0.615625 0.5125 0.03828125 0.0890625
0 0.7421875 0.421875 0.02578125 0.04296875
0 0.3640625 0.53203125 0.0296875 0.0640625
0 0.3828125 0.48046875 0.0296875 0.075
0 0.35078125 0.47890625 0.0203125 0.05
0 0.27734375 0.23828125 0.0203125 0.03203125
0 0.16484375 0.32578125 0.028125 0.04609375
0 0.0671875 0.31328125 0.034375 0.04296875
0 0.90390625 0.2453125 0.021875 0.05
0 0.78984375 0.1546875 0.0296875 0.06796875
0 0.93984375 0.3609375 0.03203125 0.05
0 0.9578125 0.26171875 0.028125 0.04296875
0 0.9078125 0.846875 0.03828125 0.07109375
0 0.0859375 0.8203125 0.06796875 0.1421875
0 0.17890625 0.81328125 0.03828125 0.0890625
0 0.134375 0.38828125 0.028125 0.05
0 0.1671875 0.26015625 0.0296875 0.04296875
0 0.2859375 0.1421875 0.0203125 0.025
0 0.30390625 0.18125 0.015625 0.028125
0 0.76875 0.37890625 0.03828125 0.05
0 0.67578125 0.17265625 0.021875 0.0390625
0 0.7109375 0.15859375 0.01796875 0.053125
0 0.7859375 0.978125 0.03125 0.04375
0 0.184375 0.5265625 0.028125 0.04296875
0 0.3171875 0.371875 0.0296875 0.0359375
0 0.396875 0.26171875 0.0203125 0.05
0 0.26015625 0.15625 0.01796875 0.03203125
0 0.14921875 0.11171875 0.0203125 0.028125