0 0.03046875 0.671875 0.0265625 0.03125
0 0.07734375 0.74765625 0.10703125 0.1
0 0.0921875 0.6421875 0.0234375 0.03125
0 0.1796875 0.67109375 0.16328125 0.23359375
0 0.35546875 0.6796875 0.04140625 0.0640625
0 0.41171875 0.61875 0.04296875 0.0578125
0 0.26953125 0.58359375 0.153125 0.22890625
0 0.4828125 0.4078125 0.21796875 0.30703125
0 0.76328125 0.36328125 0.38828125 0.5625
0 0.93671875 0.70078125 0.0546875 0.121875
0 0.98359375 0.66328125 0.0328125 0.0640625
0 0.98671875 0.74140625 0.0265625 0.05078125
0 0.50703125 0.671875 0.0234375 0.03359375
0 0.42109375 0.67421875 0.04140625 0.053125