0 0.0921875 0.33125 0.184375 0.4375
0 0.38515625 0.39921875 0.2 0.3875
0 0.26796875 0.4875 0.1078125 0.228125
0 0.66953125 0.49921875 0.5140625 0.9734375
0 0.96953125 0.31015625 0.0578125 0.2234375
0 0.0765625 0.57890625 0.153125 0.215625
0 0.9125 0.25078125 0.1234375 0.246875
0 0.15625 0.6125 0.046875 0.1171875
0 0.19921875 0.628125 0.065625 0.0859375
0 0.27734375 0.63359375 0.0546875 0.0703125
0 0.35078125 0.628125 0.0765625 0.0828125
0 0.446875 0.55390625 0.0734375 0.125
0 0.88671875 0.34296875 0.0921875 0.2125