0 0.2578125 0.41640625 0.14375 0.125
0 0.5484375 0.4984375 0.10078125 0.1859375
0 0.43828125 0.50625 0.07109375 0.1875
0 0.503125 0.62109375 0.06875 0.19609375
0 0.74375 0.63671875 0.15390625 0.246875
0 0.9171875 0.63515625 0.14375 0.23359375
0 0.2703125 0.675 0.15 0.175
0 0.1015625 0.70625 0.15625 0.1875
0 0.571875 0.73359375 0.10625 0.2125
0 0.678125 0.38359375 0.125 0.17109375
0 0.8046875 0.30390625 0.1171875 0.08203125
0 0.921875 0.41171875 0.08671875 0.09765625
0 0.4703125 0.38984375 0.06171875 0.1515625
0 0.13203125 0.5421875 0.15390625 0.11796875
0 0.0484375 0.58203125 0.08046875 0.15390625
0 0.9640625 0.34609375 0.071875 0.08671875
0 0.1671875 0.3453125 0.08046875 0.0890625
0 0.60546875 0.475 0.05546875 0.1671875