0 0.77109375 0.871875 0.0953125 0.175
0 0.02265625 0.525 0.0453125 0.078125
0 0.265625 0.60234375 0.0734375 0.1015625
0 0.18359375 0.5984375 0.0578125 0.075
0 0.9421875 0.734375 0.0359375 0.06875
0 0.15625 0.83671875 0.115625 0.0890625
0 0.03984375 0.69296875 0.0546875 0.06875
0 0.7078125 0.690625 0.059375 0.1609375
0 0.790625 0.7734375 0.0984375 0.08125
0 0.5296875 0.74140625 0.253125 0.2890625
0 0.1015625 0.703125 0.0671875 0.09375
0 0.86015625 0.52734375 0.04375 0.0890625
0 0.70234375 0.5109375 0.040625 0.053125
0 0.09296875 0.5578125 0.03125 0.04375
0 0.9859375 0.95859375 0.025 0.0765625
0 0.17890625 0.5328125 0.040625 0.04375
0 0.90546875 0.64375 0.05 0.075
0 0.64140625 0.5828125 0.0609375 0.0703125
0 0.15390625 0.784375 0.090625 0.0671875
0 0.0453125 0.59765625 0.028125 0.0359375