0 0.55078125 0.22890625 0.2765625 0.2515625
0 0.85703125 0.540625 0.259375 0.2484375
0 0.46875 0.3984375 0.25625 0.2296875
0 0.9 0.35 0.196875 0.190625
0 0.25234375 0.72734375 0.2875 0.2546875
0 0.11796875 0.528125 0.1609375 0.246875
0 0.71875 0.71171875 0.2296875 0.2375
0 0.35078125 0.1734375 0.1796875 0.1796875
0 0.26328125 0.38203125 0.2296875 0.2234375
0 0.296875 0.59765625 0.23125 0.21875
0 0.51015625 0.65 0.24375 0.2578125
0 0.628125 0.56953125 0.203125 0.159375
0 0.740625 0.3984375 0.2703125 0.24375
0 0.20546875 0.321875 0.1484375 0.18125