0 0.1546875 0.6265625 0.1921875 0.296875
0 0.51953125 0.79140625 0.1875 0.3515625
0 0.1 0.15390625 0.2 0.3078125
0 0.909375 0.17578125 0.178125 0.3515625
0 0.64140625 0.58125 0.2046875 0.359375
0 0.85078125 0.67890625 0.275 0.5984375
0 0.3453125 0.384375 0.2078125 0.3765625
0 0.78828125 0.353125 0.2171875 0.3734375
0 0.6640625 0.2046875 0.15625 0.221875
0 0.40078125 0.55703125 0.16875 0.315625
0 0.6421875 0.93125 0.1484375 0.13125
0 0.09453125 0.36953125 0.1890625 0.2828125
0 0.53046875 0.23984375 0.128125 0.1875
0 0.453125 0.39140625 0.0984375 0.246875
0 0.5765625 0.38828125 0.1609375 0.3265625
0 0.22265625 0.52734375 0.1484375 0.3515625
0 0.6640625 0.35625 0.1609375 0.2484375
0 0.0375 0.58671875 0.075 0.2546875
0 0.9796875 0.715625 0.040625 0.1921875
0 0.3359375 0.8765625 0.05 0.0453125