0 0.28359375 0.85078125 0.09375 0.1375
0 0.0875 0.6328125 0.175 0.33125
0 0.9421875 0.934375 0.1125 0.1296875
0 0.2625 0.571875 0.0734375 0.096875
0 0.878125 0.590625 0.0625 0.078125
0 0.32890625 0.584375 0.046875 0.0671875
0 0.26953125 0.696875 0.059375 0.0875
0 0.7890625 0.81640625 0.2734375 0.3625
0 0.1828125 0.62421875 0.04375 0.06875
0 0.61640625 0.45390625 0.509375 0.6890625
0 0.39453125 0.640625 0.0578125 0.0875
0 0.2734375 0.6296875 0.0359375 0.046875
0 0.20859375 0.60703125 0.034375 0.0484375
0 0.85078125 0.7078125 0.1375 0.1765625
0 0.1703125 0.6015625 0.0359375 0.0734375
0 0.153125 0.6625 0.0171875 0.0203125
0 0.3046875 0.64375 0.03125 0.0453125
0 0.3421875 0.65390625 0.028125 0.04375
0 0.21953125 0.63359375 0.0234375 0.025
0 0.35546875 0.62265625 0.021875 0.034375
0 0.37421875 0.5984375 0.025 0.03125
0 0.81796875 0.6171875 0.034375 0.0421875
0 0.90625 0.59296875 0.0296875 0.0546875
0 0.9234375 0.6578125 0.0296875 0.0375
0 0.9171875 0.67578125 0.0296875 0.0375