0 0.603125 0.4359375 0.1296875 0.1296875
0 0.4015625 0.61796875 0.1390625 0.146875
0 0.784375 0.28046875 0.309375 0.309375
0 0.678125 0.75078125 0.1515625 0.175
0 0.953125 0.4109375 0.090625 0.175
0 0.2796875 0.53828125 0.1015625 0.1453125
0 0.5078125 0.72421875 0.125 0.121875
0 0.64609375 0.55 0.11875 0.125
0 0.565625 0.609375 0.0859375 0.0921875
0 0.0328125 0.49921875 0.065625 0.1125
0 0.19453125 0.5390625 0.1296875 0.1953125
0 0.2828125 0.78046875 0.09375 0.109375
0 0.0390625 0.58515625 0.078125 0.0859375
0 0.28359375 0.640625 0.103125 0.09375
0 0.09296875 0.56953125 0.053125 0.0640625
0 0.8953125 0.4609375 0.0984375 0.103125
0 0.7453125 0.67109375 0.0859375 0.06875
0 0.78046875 0.6296875 0.1046875 0.0859375
0 0.9546875 0.515625 0.084375 0.0765625
0 0.18359375 0.80625 0.078125 0.0984375