0 0.83046875 0.4234375 0.3328125 0.234375
0 0.7640625 0.7265625 0.46875 0.4046875
0 0.45859375 0.87109375 0.571875 0.25625
0 0.05703125 0.56875 0.1140625 0.1828125
0 0.034375 0.22109375 0.06875 0.1109375
0 0.03203125 0.9265625 0.0640625 0.1359375
0 0.42890625 0.43828125 0.14375 0.09375
0 0.253125 0.4265625 0.13125 0.08125
0 0.65703125 0.44296875 0.0828125 0.078125
0 0.49375 0.37890625 0.071875 0.05
0 0.38359375 0.565625 0.3109375 0.2140625
0 0.6421875 0.56640625 0.153125 0.1015625
0 0.22109375 0.35703125 0.10625 0.0671875
0 0.5609375 0.3984375 0.0578125 0.0359375
0 0.3359375 0.3765625 0.1125 0.0609375
0 0.09296875 0.38046875 0.1859375 0.15625
0 0.5421875 0.30703125 0.046875 0.03125
0 0.49765625 0.4671875 0.078125 0.059375
0 0.9640625 0.48828125 0.0671875 0.05
0 0.45078125 0.3390625 0.0421875 0.0359375
0 0.3921875 0.39140625 0.059375 0.0359375
0 0.43515625 0.303125 0.0390625 0.025
0 0.52421875 0.34453125 0.0390625 0.034375
0 0.61875 0.325 0.0390625 0.03125
0 0.55234375 0.3796875 0.0359375 0.0234375
0 0.596875 0.378125 0.03125 0.021875
0 0.62890625 0.378125 0.0390625 0.028125
0 0.709375 0.35546875 0.0375 0.0328125
0 0.7359375 0.34375 0.028125 0.0140625
0 0.76953125 0.3359375 0.0390625 0.0296875
0 0.82265625 0.3140625 0.046875 0.0265625
0 0.90859375 0.334375 0.021875 0.01875
0 0.9734375 0.36796875 0.0265625 0.021875
0 0.9515625 0.334375 0.028125 0.0171875
0 0.978125 0.3203125 0.028125 0.01875
0 0.953125 0.31953125 0.025 0.015625
0 0.7125 0.33125 0.0390625 0.0203125
0 0.6796875 0.315625 0.0296875 0.03125
0 0.653125 0.30390625 0.0265625 0.0203125
0 0.76484375 0.3140625 0.028125 0.0234375
0 0.63984375 0.33046875 0.0265625 0.0140625
0 0.5984375 0.3171875 0.028125 0.0234375
0 0.6140625 0.2984375 0.0234375 0.015625
0 0.99375 0.29296875 0.0125 0.025
0 0.9953125 0.31015625 0.009375 0.0125
0 0.9640625 0.30078125 0.0234375 0.0125
0 0.9265625 0.31015625 0.0375 0.015625
0 0.9234375 0.29765625 0.03125 0.015625
0 0.86953125 0.30234375 0.028125 0.0203125
0 0.88515625 0.3 0.0171875 0.01875
0 0.89921875 0.290625 0.0234375 0.0140625
0 0.928125 0.284375 0.015625 0.0109375
0 0.94375 0.29296875 0.0140625 0.009375
0 0.94921875 0.2984375 0.015625 0.0078125
0 0.815625 0.28984375 0.034375 0.028125
0 0.84140625 0.29140625 0.021875 0.015625
0 0.84375 0.30390625 0.015625 0.0125
0 0.821875 0.265625 0.0328125 0.021875
0 0.771875 0.2984375 0.0390625 0.0171875
0 0.72890625 0.2796875 0.0390625 0.028125
0 0.70546875 0.2859375 0.0265625 0.0234375
0 0.68671875 0.2828125 0.0234375 0.01875
0 0.64296875 0.28046875 0.0265625 0.015625
0 0.6578125 0.28828125 0.0203125 0.0125
0 0.5875 0.30859375 0.0296875 0.0203125
0 0.51796875 0.32109375 0.0375 0.0203125
0 0.54765625 0.34921875 0.0265625 0.0265625
0 0.47109375 0.31953125 0.0296875 0.0234375
0 0.47421875 0.2953125 0.028125 0.021875
0 0.50859375 0.290625 0.028125 0.0203125
0 0.52890625 0.28359375 0.028125 0.021875
0 0.553125 0.284375 0.0203125 0.01875
0 0.58203125 0.27578125 0.025 0.0203125
0 0.5921875 0.2828125 0.0203125 0.01875
0 0.6171875 0.2890625 0.0234375 0.0109375
0 0.6125 0.2828125 0.0234375 0.009375
0 0.75234375 0.29140625 0.01875 0.0140625
0 0.76875 0.28828125 0.015625 0.0078125
0 0.78359375 0.28359375 0.0109375 0.0078125
0 0.79375 0.2828125 0.0109375 0.0078125
0 0.5796875 0.30078125 0.0125 0.0078125
0 0.55546875 0.2703125 0.0125 0.0078125
0 0.61953125 0.2734375 0.0125 0.009375
0 0.5265625 0.26875 0.015625 0.009375
0 0.46640625 0.28125 0.0234375 0.0140625
0 0.4828125 0.28046875 0.0125 0.0078125
0 0.425 0.2890625 0.03125 0.01875
0 0.45234375 0.28984375 0.021875 0.0125
0 0.4421875 0.28359375 0.0140625 0.009375
0 0.45078125 0.27890625 0.0125 0.0078125
0 0.4921875 0.2890625 0.01875 0.0171875
0 0.39453125 0.27890625 0.0203125 0.015625
0 0.37890625 0.26875 0.01875 0.0140625
0 0.4109375 0.31171875 0.0265625 0.0234375
0 0.428125 0.3765625 0.034375 0.028125
0 0.384375 0.34296875 0.040625 0.0296875
0 0.3421875 0.34296875 0.040625 0.021875
0 0.35234375 0.3265625 0.0390625 0.0140625
0 0.315625 0.3265625 0.034375 0.0203125
0 0.28671875 0.359375 0.046875 0.040625
0 0.38671875 0.3203125 0.0203125 0.0109375
0 0.3609375 0.31171875 0.025 0.015625
0 0.33515625 0.30703125 0.025 0.0171875
0 0.35859375 0.29296875 0.0328125 0.01875
0 0.2796875 0.31171875 0.053125 0.0375
0 0.31953125 0.30546875 0.0328125 0.01875
0 0.31328125 0.2890625 0.0421875 0.021875
0 0.33984375 0.28046875 0.028125 0.0203125
0 0.17265625 0.3171875 0.0484375 0.0265625
0 0.2078125 0.32578125 0.0421875 0.0171875
0 0.240625 0.32109375 0.0203125 0.0140625
0 0.22734375 0.3203125 0.0234375 0.01875
0 0.24296875 0.2984375 0.021875 0.0140625
0 0.2625 0.29375 0.021875 0.0125
0 0.2640625 0.28359375 0.0296875 0.015625
0 0.29296875 0.2859375 0.0140625 0.0109375
0 0.28046875 0.275 0.0265625 0.0171875
0 0.1875 0.30078125 0.0453125 0.0265625
0 0.20546875 0.2953125 0.025 0.0171875
0 0.228125 0.28125 0.0265625 0.0203125
0 0.2390625 0.27734375 0.01875 0.015625
0 0.22734375 0.259375 0.0203125 0.0109375
0 0.2015625 0.271875 0.0296875 0.0203125
0 0.17265625 0.275 0.0171875 0.015625
0 0.1703125 0.2921875 0.0234375 0.0171875
0 0.12421875 0.30625 0.0484375 0.0265625
0 0.08203125 0.2796875 0.015625 0.0109375
0 0.07265625 0.28671875 0.0125 0.0078125
0 0.0515625 0.315625 0.103125 0.0765625
0 0.12890625 0.278125 0.0140625 0.009375
0 0.11015625 0.27109375 0.0125 0.0078125
0 0.0953125 0.27109375 0.0109375 0.0078125
0 0.059375 0.2703125 0.0109375 0.0078125
0 0.05078125 0.278125 0.0109375 0.0078125
0 0.0359375 0.278125 0.0109375 0.0078125
0 0.01953125 0.27578125 0.0171875 0.0078125
0 0.13125 0.28828125 0.015625 0.009375
0 0.10390625 0.28671875 0.01875 0.009375
0 0.0875 0.29453125 0.0265625 0.0140625
0 0.2609375 0.27265625 0.0140625 0.0078125
0 0.11875 0.2796875 0.0125 0.0078125
0 0.14921875 0.28828125 0.0109375 0.009375
0 0.1578125 0.28515625 0.0171875 0.0109375
0 0.440625 0.27265625 0.0203125 0.0140625
0 0.4609375 0.2671875 0.0125 0.0078125