0 0.275 0.7765625 0.21640625 0.36328125
0 0.075 0.70546875 0.15 0.29765625
0 0.15 0.5359375 0.096875 0.20859375
0 0.05859375 0.38984375 0.0734375 0.11875
0 0.0234375 0.33046875 0.046875 0.07734375
0 0.01640625 0.51484375 0.0328125 0.0953125
0 0.153125 0.378125 0.06015625 0.11875
0 0.196875 0.35703125 0.06015625 0.11328125
0 0.271875 0.39296875 0.053125 0.11328125
0 0.4640625 0.91015625 0.1875 0.1796875
0 0.66640625 0.6546875 0.1234375 0.20859375
0 0.8484375 0.7734375 0.11640625 0.23203125
0 0.80703125 0.621875 0.11328125 0.16640625
0 0.93125 0.6453125 0.1375 0.23125
0 0.7765625 0.44609375 0.0734375 0.1484375
0 0.85859375 0.38125 0.03984375 0.1015625
0 0.91328125 0.4078125 0.05703125 0.13125
0 0.9296875 0.48828125 0.09296875 0.16640625
0 0.83828125 0.50625 0.0703125 0.11875
0 0.98515625 0.41640625 0.0296875 0.125
0 0.496875 0.6515625 0.1203125 0.20859375
0 0.38203125 0.54765625 0.09296875 0.17265625
0 0.3234375 0.4734375 0.0765625 0.16640625
0 0.24296875 0.42578125 0.06015625 0.125
0 0.425 0.43125 0.05703125 0.10703125
0 0.48828125 0.50859375 0.06328125 0.10703125
0 0.43828125 0.6015625 0.0796875 0.190625
0 0.61796875 0.496875 0.08359375 0.16640625
0 0.55703125 0.4375 0.06328125 0.11328125
0 0.50703125 0.36015625 0.053125 0.08359375
0 0.46484375 0.29453125 0.03984375 0.07109375
0 0.553125 0.3390625 0.053125 0.07109375
0 0.6 0.33359375 0.04296875 0.07109375
0 0.65703125 0.38359375 0.06328125 0.0953125
0 0.696875 0.38359375 0.053125 0.0953125
0 0.7453125 0.33046875 0.05 0.0890625
0 0.6453125 0.31875 0.03984375 0.08359375
0 0.68671875 0.309375 0.03984375 0.0890625
0 0.80703125 0.36640625 0.05 0.0953125
0 0.93359375 0.309375 0.03984375 0.065625
0 0.8203125 0.24140625 0.0265625 0.059375
0 0.83984375 0.29453125 0.03671875 0.059375
0 0.81015625 0.30390625 0.04296875 0.04765625
0 0.4015625 0.33359375 0.05 0.065625
0 0.3546875 0.35703125 0.03671875 0.07734375
0 0.31171875 0.2734375 0.03359375 0.07109375
0 0.2296875 0.30625 0.04296875 0.04140625
0 0.5796875 0.26484375 0.0265625 0.04140625
0 0.53984375 0.2859375 0.0296875 0.065625
0 0.91796875 0.23828125 0.0265625 0.04140625
0 0.5046875 0.29765625 0.98984375 0.2203125