0 0.25 0.40390625 0.45078125 0.65625
0 0.12109375 0.934375 0.075 0.0921875
0 0.01796875 0.96796875 0.0359375 0.0640625
0 0.17890625 0.82421875 0.08515625 0.1203125
0 0.24765625 0.90390625 0.04140625 0.08828125
0 0.2734375 0.8078125 0.05390625 0.07578125
0 0.3390625 0.73828125 0.09296875 0.115625
0 0.41875 0.7203125 0.05703125 0.09609375
0 0.44453125 0.63984375 0.0828125 0.128125
0 0.5453125 0.63984375 0.0234375 0.03984375
0 0.5203125 0.65234375 0.028125 0.04375
0 0.57890625 0.61171875 0.03125 0.04375
0 0.625 0.528125 0.0359375 0.07578125
0 0.62734375 0.57421875 0.01796875 0.04765625
0 0.66328125 0.5140625 0.05390625 0.12421875
0 0.75234375 0.4296875 0.08515625 0.13203125
0 0.8375 0.3796875 0.09296875 0.14765625
0 0.90625 0.33828125 0.059375 0.1078125
0 0.96484375 0.30625 0.06953125 0.1359375