0 0.50078125 0.12265625 0.0640625 0.06953125
0 0.396875 0.16015625 0.10390625 0.13046875
0 0.60703125 0.30234375 0.10625 0.1296875
0 0.7921875 0.39765625 0.06640625 0.1296875
0 0.86171875 0.521875 0.0296875 0.10625
0 0.63359375 0.52109375 0.021875 0.06015625
0 0.88984375 0.771875 0.0265625 0.05859375
0 0.525 0.509375 0.0484375 0.0515625
0 0.3625 0.4640625 0.10859375 0.13828125
0 0.42421875 0.4671875 0.0265625 0.0265625
0 0.26796875 0.41640625 0.0296875 0.08125
0 0.29609375 0.53203125 0.021875 0.04453125
0 0.35625 0.71796875 0.03125 0.04453125
0 0.1875 0.5578125 0.02578125 0.0453125
0 0.11328125 0.578125 0.02734375 0.08671875
0 0.83359375 0.67421875 0.01796875 0.03984375