0 0.33828125 0.69453125 0.0890625 0.1453125
0 0.60859375 0.684375 0.0796875 0.140625
0 0.94296875 0.6609375 0.0953125 0.184375
0 0.1875 0.6484375 0.078125 0.109375
0 0.08125 0.65390625 0.05625 0.0859375
0 0.74609375 0.67109375 0.0828125 0.1796875
0 0.834375 0.64921875 0.075 0.1359375
0 0.5453125 0.684375 0.065625 0.140625
0 0.465625 0.70546875 0.053125 0.071875
0 0.50390625 0.559375 0.0453125 0.0859375
0 0.64609375 0.5515625 0.0546875 0.109375
0 0.21015625 0.5515625 0.0453125 0.075
0 0.0296875 0.58203125 0.059375 0.0921875
0 0.690625 0.653125 0.053125 0.1109375
0 0.7390625 0.53359375 0.0375 0.078125
0 0.384375 0.58125 0.0453125 0.078125
0 0.32265625 0.5640625 0.0390625 0.071875
0 0.45625 0.64765625 0.0421875 0.075
0 0.27734375 0.6140625 0.0421875 0.0671875
0 0.25234375 0.678125 0.0390625 0.05625
0 0.7953125 0.56875 0.046875 0.1015625
0 0.978125 0.54453125 0.04375 0.078125
0 0.3609375 0.5609375 0.034375 0.078125
0 0.16796875 0.5515625 0.0390625 0.0703125
0 0.053125 0.5265625 0.040625 0.059375
0 0.28125 0.55859375 0.040625 0.0609375
0 0.896875 0.51171875 0.0546875 0.0890625
0 0.2375 0.53359375 0.028125 0.0609375
0 0.9328125 0.56171875 0.06875 0.109375
0 0.69453125 0.53203125 0.0265625 0.046875
0 0.4640625 0.54609375 0.025 0.0421875
0 0.25 0.5609375 0.028125 0.05
0 0.81015625 0.50546875 0.0296875 0.05625
0 0.46484375 0.5890625 0.04375 0.0625
0 0.121875 0.5375 0.028125 0.046875
0 0.83515625 0.5625 0.0296875 0.0703125
0 0.01796875 0.54296875 0.0328125 0.046875
0 0.1 0.5828125 0.03125 0.04375
0 0.39453125 0.5359375 0.0265625 0.034375
0 0.840625 0.52109375 0.025 0.0359375
0 0.76640625 0.53828125 0.015625 0.0671875
0 0.54921875 0.6125 0.034375 0.0453125
0 0.56484375 0.58828125 0.028125 0.034375
0 0.5796875 0.61796875 0.0234375 0.0359375
0 0.55859375 0.52421875 0.03125 0.06875
0 0.57734375 0.57734375 0.015625 0.0296875
0 0.5515625 0.55234375 0.028125 0.04375
0 0.5328125 0.56484375 0.01875 0.0328125
0 0.43671875 0.59140625 0.0234375 0.0484375
0 0.4125 0.5703125 0.015625 0.040625
0 0.43125 0.5625 0.01875 0.03125
0 0.1328125 0.59765625 0.0296875 0.0546875
0 0.15703125 0.58671875 0.0234375 0.028125
0 0.0890625 0.57734375 0.034375 0.053125
0 0.61171875 0.5609375 0.0234375 0.05
0 0.67421875 0.578125 0.01875 0.0296875
0 0.86171875 0.57265625 0.025 0.059375