0 0.5921875 0.446875 0.0484375 0.05546875
0 0.45546875 0.47265625 0.040625 0.0578125
0 0.14296875 0.48203125 0.05078125 0.06953125
0 0.69921875 0.49375 0.0453125 0.05546875
0 0.5921875 0.509375 0.05546875 0.06953125
0 0.2125 0.5359375 0.05078125 0.06953125
0 0.39453125 0.54296875 0.0484375 0.07421875
0 0.15 0.55078125 0.053125 0.0796875
0 0.92890625 0.553125 0.053125 0.08671875
0 0.80078125 0.5578125 0.06015625 0.0890625
0 0.03125 0.58671875 0.0625 0.08203125
0 0.5296875 0.59140625 0.06015625 0.0890625
0 0.4578125 0.59140625 0.053125 0.06953125
0 0.6203125 0.6234375 0.06484375 0.08671875
0 0.76328125 0.625 0.06015625 0.08671875
0 0.3078125 0.646875 0.0671875 0.09609375
0 0.8796875 0.64921875 0.0578125 0.09140625
0 0.07421875 0.69609375 0.10546875 0.11796875
0 0.69140625 0.703125 0.07421875 0.115625
0 0.5984375 0.7125 0.071875 0.09140625
0 0.49140625 0.7453125 0.12265625 0.15625
0 0.759375 0.76328125 0.071875 0.115625
0 0.9359375 0.7640625 0.0890625 0.15625
0 0.228125 0.78515625 0.0984375 0.13671875
0 0.66953125 0.7953125 0.115625 0.13203125
0 0.37734375 0.84765625 0.1109375 0.15390625