0 0.08828125 0.11875 0.03515625 0.04453125
0 0.14375 0.35078125 0.1046875 0.1640625
0 0.24765625 0.3875 0.0765625 0.140625
0 0.1296875 0.23828125 0.0578125 0.06640625
0 0.19609375 0.1828125 0.0375 0.05703125
0 0.10625 0.18671875 0.0578125 0.05625
0 0.140625 0.15390625 0.03203125 0.04296875
0 0.03984375 0.2140625 0.0390625 0.06640625
0 0.0578125 0.2328125 0.0375 0.0609375
0 0.03203125 0.34765625 0.0640625 0.1390625
0 0.06328125 0.51640625 0.12578125 0.21640625
0 0.1625 0.5359375 0.11796875 0.1671875
0 0.22890625 0.21015625 0.04765625 0.06640625
0 0.26171875 0.159375 0.0296875 0.0328125
0 0.29609375 0.16328125 0.03984375 0.0625
0 0.06015625 0.14375 0.021875 0.0390625
0 0.375 0.2109375 0.046875 0.0609375
0 0.31953125 0.29375 0.1125 0.1671875
0 0.3671875 0.2984375 0.06875 0.1359375
0 0.45390625 0.29375 0.10390625 0.1265625
0 0.446875 0.21484375 0.0359375 0.05703125
0 0.4625 0.1609375 0.021875 0.046875
0 0.5296875 0.22109375 0.0578125 0.08359375
0 0.5765625 0.2109375 0.0546875 0.08203125
0 0.64453125 0.20703125 0.0578125 0.06796875
0 0.69453125 0.21328125 0.03515625 0.04921875
0 0.75 0.2796875 0.08984375 0.1125
0 0.7046875 0.41171875 0.115625 0.175
0 0.59609375 0.5390625 0.11953125 0.15546875
0 0.41953125 0.45703125 0.10546875 0.20625
0 0.53515625 0.37109375 0.08046875 0.1484375
0 0.0921875 0.77265625 0.18359375 0.23203125
0 0.2265625 0.92578125 0.1796875 0.1484375
0 0.2890625 0.82421875 0.23203125 0.3375
0 0.425 0.6390625 0.2375 0.36484375
0 0.53984375 0.72265625 0.140625 0.221875
0 0.65625 0.77890625 0.26796875 0.30625
0 0.80390625 0.6640625 0.19765625 0.26953125
0 0.84375 0.45703125 0.1609375 0.234375
0 0.7640625 0.1796875 0.03515625 0.0375
0 0.70234375 0.175 0.0359375 0.03515625
0 0.821875 0.21875 0.03125 0.04296875
0 0.9640625 0.22421875 0.05703125 0.0703125
0 0.86328125 0.26015625 0.05 0.05234375