0 0.12890625 0.459375 0.25703125 0.24140625
0 0.7609375 0.546875 0.21015625 0.228125
0 0.228125 0.68984375 0.3484375 0.30859375
0 0.55546875 0.7015625 0.3515625 0.33671875
0 0.89453125 0.73046875 0.2109375 0.2578125
0 0.60234375 0.91171875 0.26875 0.1765625
0 0.9234375 0.096875 0.15234375 0.1578125
0 0.7 0.13828125 0.17578125 0.12578125
0 0.46875 0.14296875 0.24609375 0.14296875
0 0.11796875 0.31484375 0.1859375 0.09609375
0 0.89609375 0.3484375 0.2078125 0.228125
0 0.25546875 0.3921875 0.1828125 0.19375
0 0.52109375 0.40859375 0.240625 0.24296875