0 0.6359375 0.453125 0.13671875 0.09921875
0 0.42890625 0.49765625 0.175 0.1328125
0 0.9265625 0.5125 0.146875 0.13359375
0 0.2375 0.515625 0.15859375 0.1578125
0 0.93984375 0.06171875 0.1203125 0.1234375
0 0.10703125 0.634375 0.1203125 0.121875
0 0.87109375 0.65859375 0.1640625 0.12265625
0 0.32890625 0.68203125 0.14453125 0.10234375
0 0.528125 0.7578125 0.1859375 0.11796875
0 0.58125 0.81640625 0.1390625 0.1234375
0 0.26796875 0.8921875 0.12734375 0.13203125
0 0.12578125 0.95390625 0.1453125 0.0921875
0 0.84765625 0.9578125 0.1484375 0.084375
0 0.5625 0.1609375 0.12421875 0.109375
0 0.53125 0.290625 0.1171875 0.11015625
0 0.64453125 0.34609375 0.12109375 0.13671875
0 0.4125 0.359375 0.09765625 0.09921875
0 0.29765625 0.39375 0.140625 0.08203125
0 0.503125 0.39921875 0.146875 0.1140625