0 0.6359375 0.45390625 0.1375 0.1
0 0.428125 0.49765625 0.175 0.13359375
0 0.9265625 0.51484375 0.146875 0.1375
0 0.2375 0.51484375 0.159375 0.15859375
0 0.940625 0.0625 0.11875 0.125
0 0.0984375 0.65390625 0.128125 0.13515625
0 0.871875 0.6671875 0.165625 0.13828125
0 0.31796875 0.68203125 0.1515625 0.10625
0 0.52578125 0.759375 0.1875 0.13515625
0 0.58125 0.81640625 0.140625 0.125
0 0.26484375 0.89296875 0.1390625 0.1359375
0 0.115625 0.95390625 0.12734375 0.09140625
0 0.8484375 0.9578125 0.15 0.084375
0 0.5625 0.16015625 0.125 0.10859375
0 0.53125 0.29140625 0.11875 0.1125
0 0.64375 0.34609375 0.121875 0.1375
0 0.4125 0.35859375 0.096875 0.1
0 0.296875 0.39375 0.140625 0.08359375
0 0.50703125 0.41171875 0.1546875 0.1359375
0 0.74140625 0.340625 0.12890625 0.134375
0 0.190625 0.3578125 0.103125 0.10546875
0 0.05078125 0.89921875 0.1 0.1015625
0 0.45546875 0.8390625 0.1234375 0.13125
0 0.9453125 0.6234375 0.109375 0.075
0 0.73359375 0.9671875 0.0921875 0.065625
0 0.80234375 0.45390625 0.0953125 0.07265625
0 0.43671875 0.6125 0.08359375 0.05078125
0 0.35390625 0.8109375 0.09765625 0.06640625
0 0.35859375 0.91015625 0.08359375 0.0421875
0 0.06171875 0.39296875 0.08046875 0.08125
0 0.0984375 0.3359375 0.059375 0.0625
0 0.26171875 0.35390625 0.078125 0.0921875
0 0.3375 0.29609375 0.08359375 0.0625
0 0.58671875 0.11640625 0.11953125 0.07109375
0 0.64140625 0.09765625 0.08984375 0.05625
0 0.86171875 0.15 0.12265625 0.0765625
0 0.34296875 0.0921875 0.10625 0.08828125
0 0.36171875 0.16171875 0.0984375 0.06953125
0 0.34453125 0.228125 0.07265625 0.075
0 0.27890625 0.2359375 0.05234375 0.0609375
0 0.1015625 0.2359375 0.07734375 0.0546875
0 0.1625 0.20546875 0.05234375 0.0578125
0 0.76953125 0.19765625 0.0859375 0.0984375
0 0.11796875 0.8421875 0.12421875 0.08671875
0 0.9578125 0.30546875 0.084375 0.1015625