0 0.125 0.45859375 0.25 0.24140625
0 0.75703125 0.56953125 0.2328125 0.27578125
0 0.228125 0.68984375 0.35 0.30859375
0 0.55625 0.70234375 0.35 0.3375
0 0.8953125 0.7390625 0.209375 0.27421875
0 0.6015625 0.9125 0.26875 0.175
0 0.9234375 0.09609375 0.153125 0.15859375
0 0.7 0.1375 0.175 0.125
0 0.46875 0.14375 0.246875 0.14140625
0 0.11875 0.31484375 0.184375 0.09609375
0 0.896875 0.34765625 0.20625 0.22890625
0 0.25625 0.39140625 0.184375 0.19140625
0 0.5203125 0.40859375 0.240625 0.24140625
0 0.05078125 0.72421875 0.09765625 0.28125
0 0.0359375 0.92890625 0.071875 0.14140625
0 0.234375 0.91171875 0.2734375 0.13046875
0 0.6453125 0.334375 0.17421875 0.12734375
0 0.928125 0.6125 0.14375 0.11640625
0 0.95 0.92890625 0.1 0.14140625
0 0.21796875 0.05625 0.18203125 0.11171875
0 0.21171875 0.22109375 0.13125 0.11953125
0 0.43984375 0.31796875 0.328125 0.26015625
0 0.784375 0.1109375 0.11171875 0.10703125