0 0.49375 0.22890625 0.225 0.3328125
0 0.63671875 0.3125 0.07578125 0.13671875
0 0.6953125 0.31796875 0.040625 0.1171875
0 0.6859375 0.2046875 0.0296875 0.06796875
0 0.96015625 0.16640625 0.0796875 0.23984375
0 0.27734375 0.3578125 0.15390625 0.30390625
0 0.0828125 0.3875 0.084375 0.14296875
0 0.16875 0.42578125 0.08203125 0.14140625
0 0.36796875 0.22890625 0.046875 0.10703125
0 0.39140625 0.3421875 0.04921875 0.08359375
0 0.1890625 0.28046875 0.05625 0.1046875
0 0.09140625 0.28828125 0.0328125 0.03828125
0 0.0796875 0.25078125 0.0265625 0.0828125
0 0.83828125 0.26875 0.04453125 0.07109375
0 0.91875 0.24140625 0.040625 0.0859375
0 0.7296875 0.2859375 0.02890625 0.10625
0 0.14765625 0.2640625 0.02421875 0.046875
0 0.7859375 0.278125 0.046875 0.1265625
0 0.12734375 0.3046875 0.0734375 0.065625
0 0.146875 0.375 0.03828125 0.04609375
0 0.125 0.2546875 0.02421875 0.0296875
0 0.0359375 0.30546875 0.071875 0.0671875
0 0.009375 0.321875 0.01875 0.0484375
0 0.334375 0.20234375 0.028125 0.046875
0 0.6625 0.1984375 0.0171875 0.02890625
0 0.7875 0.1890625 0.03828125 0.02734375
0 0.79375 0.2046875 0.025 0.02578125
0 0.746875 0.2109375 0.028125 0.02734375
0 0.89140625 0.20859375 0.05 0.0828125
0 0.6953125 0.1859375 0.025 0.053125