0 0.815625 0.6015625 0.26484375 0.4734375
0 0.35 0.61640625 0.21640625 0.39296875
0 0.01953125 0.58828125 0.0390625 0.24375
0 0.1125 0.4375 0.07265625 0.1390625
0 0.05 0.3546875 0.05 0.0625
0 0.215625 0.34453125 0.0609375 0.0859375
0 0.13125 0.3671875 0.04375 0.0578125
0 0.05 0.41953125 0.06796875 0.08828125
0 0.009375 0.34609375 0.01875 0.0828125
0 0.25390625 0.44375 0.090625 0.13828125
0 0.2109375 0.6015625 0.1234375 0.2328125
0 0.4421875 0.5828125 0.1109375 0.25
0 0.453125 0.41640625 0.05625 0.0828125
0 0.39296875 0.3375 0.034375 0.05625
0 0.42734375 0.38671875 0.071875 0.096875
0 0.4578125 0.33828125 0.0390625 0.059375
0 0.51015625 0.28984375 0.0453125 0.0921875
0 0.17421875 0.3546875 0.0421875 0.0609375
0 0.26015625 0.36640625 0.034375 0.046875
0 0.309375 0.34453125 0.0421875 0.0546875
0 0.3296875 0.4078125 0.0515625 0.0796875
0 0.2671875 0.3296875 0.0359375 0.034375
0 0.5359375 0.45859375 0.10859375 0.19609375
0 0.5953125 0.45859375 0.0546875 0.13828125
0 0.7 0.43125 0.059375 0.10625
0 0.5796875 0.365625 0.05625 0.07109375
0 0.58125 0.2859375 0.04765625 0.07734375
0 0.6453125 0.390625 0.0609375 0.0515625
0 0.60703125 0.3515625 0.0421875 0.0703125
0 0.64609375 0.3359375 0.0375 0.0484375
0 0.80625 0.31015625 0.0734375 0.09375
0 0.915625 0.30625 0.0671875 0.0984375
0 0.96484375 0.36875 0.0578125 0.1046875
0 0.96640625 0.54296875 0.0671875 0.2203125
0 0.82890625 0.38359375 0.0546875 0.084375
0 0.85078125 0.3421875 0.05390625 0.0546875
0 0.9 0.3765625 0.0375 0.0671875
0 0.72265625 0.32421875 0.03515625 0.10078125
0 0.7671875 0.33984375 0.046875 0.12109375
0 0.7078125 0.52734375 0.09453125 0.1515625
0 0.18515625 0.48984375 0.028125 0.03984375
0 0.50390625 0.36171875 0.0546875 0.05703125
0 0.45390625 0.4828125 0.04609375 0.0625