0 0.51171875 0.303125 0.04765625 0.11875
0 0.915625 0.31015625 0.0546875 0.1140625
0 0.8140625 0.32109375 0.06953125 0.10390625
0 0.215625 0.3390625 0.0625 0.07890625
0 0.04921875 0.353125 0.05703125 0.07265625
0 0.30390625 0.35390625 0.0734375 0.065625
0 0.9671875 0.37421875 0.065625 0.1140625
0 0.428125 0.38671875 0.07421875 0.11484375
0 0.646875 0.38828125 0.04921875 0.078125
0 0.44921875 0.41953125 0.05546875 0.08359375
0 0.0421875 0.42109375 0.06953125 0.0828125
0 0.115625 0.4375 0.075 0.1609375
0 0.25546875 0.4453125 0.08515625 0.1359375
0 0.53203125 0.45859375 0.10859375 0.19453125
0 0.96796875 0.53984375 0.06328125 0.21953125
0 0.809375 0.5921875 0.2609375 0.46484375
0 0.215625 0.603125 0.12109375 0.1984375
0 0.35234375 0.62578125 0.21015625 0.38359375
0 0.5828125 0.2859375 0.0421875 0.0734375