0 0.3453125 0.621875 0.21171875 0.421875
0 0.2171875 0.60078125 0.115625 0.23828125
0 0.82578125 0.60390625 0.2703125 0.47265625
0 0.5421875 0.453125 0.128125 0.2078125
0 0.515625 0.2984375 0.06015625 0.1328125
0 0.5828125 0.2859375 0.05234375 0.06953125
0 0.9625 0.37265625 0.075 0.1359375
0 0.9671875 0.53125 0.065625 0.2171875
0 0.92734375 0.30703125 0.084375 0.10234375
0 0.80703125 0.31015625 0.084375 0.07265625
0 0.725 0.31953125 0.0421875 0.10234375
0 0.653125 0.38125 0.0640625 0.0875
0 0.43125 0.38828125 0.0796875 0.11171875
0 0.37265625 0.32265625 0.0359375 0.0359375
0 0.3078125 0.35078125 0.04765625 0.078125
0 0.33125 0.4125 0.04609375 0.06015625
0 0.21328125 0.340625 0.071875 0.0875
0 0.115625 0.4484375 0.07421875 0.159375
0 0.053125 0.36015625 0.05625 0.06953125
0 0.025 0.584375 0.05 0.25
0 0.13203125 0.3765625 0.03984375 0.084375