0 0.06484375 0.5921875 0.1296875 0.30390625
0 0.15 0.51640625 0.10625 0.16875
0 0.07578125 0.3421875 0.084375 0.17734375
0 0.14609375 0.3390625 0.10390625 0.1984375
0 0.16875 0.18984375 0.071875 0.10859375
0 0.3359375 0.459375 0.071875 0.1203125
0 0.5046875 0.55 0.1796875 0.27109375
0 0.0203125 0.21953125 0.03984375 0.08125
0 0.359375 0.2515625 0.06796875 0.171875
0 0.5453125 0.296875 0.08984375 0.18671875
0 0.465625 0.18828125 0.078125 0.1296875
0 0.76796875 0.18203125 0.04375 0.1296875
0 0.86484375 0.23046875 0.06015625 0.1234375
0 0.82734375 0.165625 0.084375 0.13515625
0 0.690625 0.34609375 0.12421875 0.2109375
0 0.925 0.15390625 0.078125 0.1171875
0 0.92109375 0.2984375 0.08984375 0.13515625
0 0.63671875 0.13125 0.05 0.084375
0 0.60078125 0.19453125 0.06171875 0.090625
0 0.25625 0.14921875 0.0421875 0.0453125
0 0.21875 0.19453125 0.05625 0.09375