0 0.27265625 0.35234375 0.17421875 0.31953125
0 0.49609375 0.22421875 0.23828125 0.35859375
0 0.95859375 0.18125 0.0828125 0.234375
0 0.63984375 0.31328125 0.078125 0.14453125
0 0.0890625 0.39140625 0.0796875 0.14765625
0 0.165625 0.42734375 0.078125 0.1171875
0 0.1828125 0.27265625 0.06171875 0.10546875
0 0.6890625 0.18984375 0.0421875 0.0875
0 0.68828125 0.325 0.06171875 0.1265625
0 0.78828125 0.27421875 0.05234375 0.09609375
0 0.9296875 0.39140625 0.0921875 0.18359375
0 0.040625 0.2421875 0.04765625 0.08125