0 0.496875 0.5234375 0.99296875 0.78046875
0 0.16015625 0.1453125 0.27265625 0.2046875
0 0.38828125 0.146875 0.1375 0.08671875
0 0.74375 0.1375 0.15234375 0.09140625
0 0.940625 0.16171875 0.11796875 0.1359375
0 0.678125 0.090625 0.11171875 0.0796875
0 0.77578125 0.0875 0.071875 0.0453125
0 0.55390625 0.11484375 0.0859375 0.0796875
0 0.3609375 0.09765625 0.13984375 0.0734375
0 0.10625 0.07109375 0.20625 0.1421875
0 0.5640625 0.175 0.1453125 0.08203125
0 0.92890625 0.1 0.05859375 0.046875
0 0.73203125 0.23828125 0.1265625 0.14453125