0 0.29296875 0.2796875 0.13671875 0.20625
0 0.06171875 0.3390625 0.10234375 0.240625
0 0.66875 0.34921875 0.06171875 0.14453125
0 0.81328125 0.3578125 0.21484375 0.40078125
0 0.5625 0.728125 0.384375 0.54375
0 0.1171875 0.8296875 0.159375 0.340625
0 0.73984375 0.15234375 0.0703125 0.09375
0 0.040625 0.1734375 0.08125 0.09375
0 0.48671875 0.215625 0.0796875 0.15078125
0 0.19765625 0.22109375 0.06171875 0.1234375
0 0.65078125 0.24296875 0.10546875 0.13515625
0 0.23359375 0.36328125 0.10234375 0.17265625
0 0.02578125 0.39609375 0.05078125 0.253125
0 0.08984375 0.23984375 0.078125 0.11953125
0 0.96875 0.559375 0.06171875 0.3671875
0 0.96171875 0.28203125 0.0765625 0.21640625
0 0.55390625 0.21328125 0.05234375 0.065625
0 0.31875 0.15625 0.0515625 0.11640625
0 0.48671875 0.11328125 0.0359375 0.04140625
0 0.54765625 0.1296875 0.0453125 0.05859375
0 0.61640625 0.1453125 0.046875 0.0578125
0 0.94296875 0.13515625 0.046875 0.0671875
0 0.85234375 0.1015625 0.04375 0.1328125
0 0.8046875 0.0703125 0.02734375 0.04140625
0 0.14921875 0.18671875 0.02890625 0.05625
0 0.878125 0.21328125 0.08046875 0.11953125