0 0.5109375 0.30234375 0.04765625 0.1171875
0 0.915625 0.31015625 0.05390625 0.11484375
0 0.80390625 0.31015625 0.07265625 0.10390625
0 0.215625 0.3390625 0.06171875 0.078125
0 0.04921875 0.35234375 0.05625 0.07265625
0 0.30390625 0.35078125 0.07421875 0.071875
0 0.96796875 0.375 0.0640625 0.11484375
0 0.43046875 0.38984375 0.07421875 0.11484375
0 0.646875 0.38828125 0.05 0.078125
0 0.45 0.4203125 0.05625 0.084375
0 0.0421875 0.421875 0.0703125 0.084375
0 0.115625 0.43359375 0.0765625 0.15
0 0.25390625 0.44453125 0.0875 0.1375
0 0.53203125 0.46171875 0.1078125 0.2
0 0.96796875 0.57265625 0.0640625 0.153125
0 0.81484375 0.59921875 0.25078125 0.478125
0 0.2140625 0.60546875 0.1234375 0.20234375
0 0.34375 0.61640625 0.22109375 0.39921875
0 0.58359375 0.284375 0.04375 0.075
0 0.44765625 0.5796875 0.1125 0.24375
0 0.5984375 0.46640625 0.04140625 0.15234375
0 0.58046875 0.3640625 0.04921875 0.0640625
0 0.70078125 0.53671875 0.078125 0.15234375
0 0.7046875 0.4203125 0.05625 0.07265625
0 0.828125 0.38125 0.04453125 0.04921875
0 0.98046875 0.46171875 0.0390625 0.0703125
0 0.7234375 0.315625 0.03125 0.0796875
0 0.76875 0.34453125 0.04921875 0.09453125
0 0.85546875 0.35546875 0.04375 0.075
0 0.90390625 0.371875 0.02890625 0.05
0 0.61015625 0.35234375 0.0265625 0.05546875
0 0.6421875 0.32734375 0.04140625 0.028125
0 0.45078125 0.3296875 0.05546875 0.04609375
0 0.39453125 0.3390625 0.0359375 0.05703125
0 0.32890625 0.41328125 0.071875 0.08515625
0 0.025 0.590625 0.05 0.253125
0 0.01015625 0.34765625 0.0203125 0.08203125
0 0.13359375 0.371875 0.03828125 0.05546875
0 0.17890625 0.36640625 0.02890625 0.0421875