0 0.5671875 0.72890625 0.38515625 0.53359375
0 0.1125 0.83359375 0.15078125 0.32578125
0 0.96640625 0.55234375 0.0671875 0.3546875
0 0.8125 0.35390625 0.2203125 0.396875
0 0.96484375 0.2828125 0.0703125 0.215625
0 0.02421875 0.39296875 0.0484375 0.2484375
0 0.0640625 0.328125 0.11328125 0.25703125
0 0.0921875 0.22734375 0.08125 0.09765625
0 0.034375 0.1796875 0.06484375 0.09375
0 0.19375 0.215625 0.06875 0.12578125
0 0.2953125 0.309375 0.1265625 0.2734375
0 0.31796875 0.16015625 0.0609375 0.140625
0 0.49140625 0.2078125 0.078125 0.15703125
0 0.653125 0.2421875 0.1125 0.1296875
0 0.66953125 0.3671875 0.06171875 0.12109375
0 0.73671875 0.1609375 0.0765625 0.1
0 0.6171875 0.1421875 0.0390625 0.078125
0 0.690625 0.1703125 0.040625 0.07109375
0 0.1484375 0.18671875 0.028125 0.05390625
0 0.11015625 0.1546875 0.0328125 0.0546875
0 0.2515625 0.11953125 0.03359375 0.05859375
0 0.365625 0.11015625 0.021875 0.0328125
0 0.48515625 0.11796875 0.03828125 0.05625
0 0.540625 0.12890625 0.0328125 0.0734375
0 0.215625 0.1265625 0.0265625 0.053125
0 0.94375 0.15390625 0.0515625 0.103125
0 0.846875 0.12265625 0.05703125 0.0953125
0 0.80625 0.07265625 0.02109375 0.040625
0 0.7 0.084375 0.0234375 0.046875
0 0.65546875 0.12578125 0.021875 0.0359375
0 0.92890625 0.046875 0.0203125 0.04375
0 0.153125 0.12421875 0.0234375 0.04375
0 0.4 0.128125 0.0234375 0.04375
0 0.4359375 0.11640625 0.0328125 0.059375
0 0.55546875 0.21328125 0.053125 0.06953125
0 0.59453125 0.19453125 0.0203125 0.0421875
0 0.66484375 0.0828125 0.0140625 0.025
0 0.634375 0.1078125 0.0171875 0.034375
0 0.78828125 0.12890625 0.0375 0.04375
0 0.7203125 0.090625 0.015625 0.0296875
0 0.85390625 0.06171875 0.02109375 0.04375
0 0.8890625 0.10234375 0.02734375 0.0390625
0 0.28828125 0.115625 0.02578125 0.034375
0 0.440625 0.1796875 0.0265625 0.0390625
0 0.48984375 0.321875 0.046875 0.075
0 0.3390625 0.08828125 0.02890625 0.04609375
0 0.0484375 0.121875 0.0359375 0.0390625
0 0.23359375 0.346875 0.10859375 0.1953125
0 0.884375 0.05703125 0.046875 0.07890625
0 0.1734375 0.146875 0.0375 0.03984375
0 0.20234375 0.1390625 0.02734375 0.028125
0 0.890625 0.21796875 0.05078125 0.090625
0 0.9328125 0.38359375 0.06484375 0.1171875
0 0.89921875 0.11015625 0.028125 0.03515625
0 0.825 0.07734375 0.0203125 0.01796875
0 0.9921875 0.125 0.015625 0.05
0 0.990625 0.08828125 0.01875 0.02578125
0 0.965625 0.109375 0.02734375 0.0359375
0 0.93515625 0.09453125 0.0234375 0.02421875
0 0.92421875 0.084375 0.02265625 0.0296875
0 0.58828125 0.09453125 0.03828125 0.07578125
0 0.615625 0.07734375 0.02265625 0.03203125
0 0.74140625 0.096875 0.03359375 0.03125
0 0.809375 0.1046875 0.02734375 0.0265625