0 0.696875 0.31640625 0.0421875 0.1234375
0 0.63984375 0.31796875 0.06796875 0.13515625
0 0.2703125 0.353125 0.16171875 0.3046875
0 0.08828125 0.39296875 0.0765625 0.1390625
0 0.9671875 0.17734375 0.065625 0.26171875
0 0.69140625 0.20546875 0.03515625 0.08984375
0 0.49609375 0.221875 0.21171875 0.3359375
0 0.91640625 0.23828125 0.0359375 0.0703125
0 0.89140625 0.18125 0.0265625 0.02890625
0 0.7859375 0.275 0.04375 0.1109375
0 0.73515625 0.3078125 0.0234375 0.04375
0 0.83828125 0.2671875 0.04375 0.059375
0 0.12890625 0.31015625 0.05546875 0.0578125
0 0.17265625 0.415625 0.08671875 0.13515625
0 0.1421875 0.37890625 0.03359375 0.04296875
0 0.19453125 0.265625 0.04140625 0.07734375
0 0.0765625 0.24609375 0.03125 0.08125
0 0.0890625 0.2875 0.03515625 0.034375
0 0.125 0.2609375 0.02109375 0.03359375
0 0.334375 0.2046875 0.03046875 0.0515625
0 0.37265625 0.22890625 0.04453125 0.0921875