0 0.1921875 0.6 0.028125 0.0625
0 0.2296875 0.56875 0.028125 0.05
0 0.240625 0.63359375 0.05 0.05859375
0 0.2578125 0.69375 0.05625 0.07890625
0 0.34375 0.91015625 0.09375 0.17890625
0 0.4421875 0.69375 0.065625 0.07890625
0 0.375 0.66875 0.05625 0.12890625
0 0.5203125 0.60625 0.04375 0.05859375
0 0.58125 0.48125 0.028125 0.04609375
0 0.5546875 0.49140625 0.03125 0.04140625
0 0.515625 0.47890625 0.025 0.03359375
0 0.7109375 0.60625 0.046875 0.05859375
0 0.684375 0.54375 0.028125 0.05
0 0.8546875 0.725 0.090625 0.12890625
0 0.325 0.61875 0.046875 0.075
0 0.08125 0.57890625 0.021875 0.0375