0 0.1015625 0.45625 0.1 0.09609375
0 0.103125 0.33515625 0.075 0.07890625
0 0.1296875 0.59609375 0.128125 0.125
0 0.175 0.23515625 0.059375 0.05859375
0 0.3125 0.29765625 0.084375 0.08359375
0 0.390625 0.31640625 0.084375 0.09609375
0 0.646875 0.47109375 0.084375 0.09609375
0 0.703125 0.22109375 0.046875 0.0625
0 0.7265625 0.18359375 0.04375 0.06640625
0 0.8140625 0.25859375 0.059375 0.0625
0 0.896875 0.29765625 0.06875 0.07890625
0 0.959375 0.29140625 0.071875 0.1
0 0.934375 0.62265625 0.11875 0.1375
0 0.578125 0.73125 0.11875 0.1375
0 0.6484375 0.61484375 0.10625 0.125
0 0.5125 0.5625 0.1125 0.0875
0 0.3859375 0.4625 0.1 0.1
0 0.3046875 0.13359375 0.0375 0.04140625
0 0.428125 0.21875 0.046875 0.05859375