0 0.58046875 0.7390625 0.1171875 0.1
0 0.63671875 0.6171875 0.08046875 0.0984375
0 0.9390625 0.62109375 0.10625 0.128125
0 0.89375 0.49921875 0.053125 0.06171875
0 0.959375 0.29296875 0.06640625 0.0890625
0 0.90078125 0.29375 0.05234375 0.07265625
0 0.80859375 0.259375 0.04609375 0.0640625
0 0.728125 0.1859375 0.0453125 0.0546875
0 0.69921875 0.21953125 0.0453125 0.059375
0 0.6453125 0.47421875 0.07265625 0.09375
0 0.7953125 0.428125 0.08359375 0.065625
0 0.10625 0.45703125 0.0890625 0.11015625
0 0.13203125 0.60546875 0.125 0.128125
0 0.49921875 0.56796875 0.0921875 0.0578125
0 0.39140625 0.3125 0.0640625 0.07734375
0 0.50625 0.2671875 0.08515625 0.065625
0 0.47421875 0.32734375 0.0359375 0.08203125
0 0.1015625 0.33359375 0.059375 0.071875
0 0.16875 0.23671875 0.0484375 0.046875
0 0.3203125 0.29609375 0.0828125 0.0796875
0 0.2046875 0.4359375 0.0671875 0.05
0 0.37734375 0.46328125 0.0625 0.0734375
0 0.93828125 0.40859375 0.0609375 0.0453125
0 0.690625 0.33046875 0.0765625 0.040625
0 0.01796875 0.375 0.0359375 0.0625
0 0.23359375 0.37265625 0.0421875 0.046875
0 0.30078125 0.1328125 0.02578125 0.03515625
0 0.4265625 0.21875 0.053125 0.04765625
0 0.46953125 0.19921875 0.034375 0.05
0 0.64453125 0.2671875 0.0390625 0.0453125
0 0.94609375 0.50625 0.0578125 0.04765625
0 0.978125 0.24921875 0.040625 0.040625
0 0.75234375 0.26875 0.05234375 0.05
0 0.82578125 0.38359375 0.0703125 0.07734375
0 0.246875 0.2359375 0.0515625 0.04140625
0 0.0203125 0.26328125 0.040625 0.0390625