0 0.10546875 0.46171875 0.0984375 0.09375
0 0.65 0.48125 0.0703125 0.09375
0 0.13203125 0.59375 0.1171875 0.11953125
0 0.93515625 0.62421875 0.09140625 0.125
0 0.58359375 0.74140625 0.1140625 0.0953125
0 0.72265625 0.18125 0.0515625 0.053125
0 0.696875 0.215625 0.053125 0.05859375
0 0.171875 0.23203125 0.05234375 0.0546875
0 0.8078125 0.25234375 0.0453125 0.06015625
0 0.95859375 0.28984375 0.0828125 0.0828125
0 0.30546875 0.29140625 0.0890625 0.0890625
0 0.90078125 0.2921875 0.05078125 0.06484375
0 0.3921875 0.3171875 0.0703125 0.09375
0 0.10234375 0.334375 0.06171875 0.07890625