0 0.3296875 0.73671875 0.153125 0.19453125
0 0.73046875 0.62109375 0.16796875 0.21875
0 0.89921875 0.6875 0.09140625 0.05703125
0 0.9578125 0.88125 0.084375 0.2375
0 0.13984375 0.69453125 0.071875 0.0671875
0 0.19765625 0.56953125 0.08046875 0.11171875
0 0.32578125 0.59453125 0.09375 0.12421875
0 0.3953125 0.68203125 0.07578125 0.10078125
0 0.42421875 0.62265625 0.08984375 0.06796875
0 0.47890625 0.56484375 0.0828125 0.10859375
0 0.615625 0.63828125 0.08125 0.075
0 0.6203125 0.57421875 0.08125 0.046875
0 0.61640625 0.48125 0.06640625 0.09375
0 0.5734375 0.5609375 0.0734375 0.07734375
0 0.54453125 0.509375 0.0421875 0.07109375
0 0.0484375 0.59921875 0.0578125 0.0828125
0 0.0953125 0.6078125 0.03984375 0.05859375
0 0.121875 0.60234375 0.025 0.0375
0 0.11484375 0.54609375 0.02265625 0.03203125
0 0.0171875 0.59609375 0.034375 0.071875
0 0.0796875 0.55703125 0.015625 0.0203125
0 0.16015625 0.58515625 0.05234375 0.103125
0 0.25 0.5296875 0.03046875 0.03671875
0 0.2609375 0.584375 0.046875 0.059375
0 0.3953125 0.55546875 0.0328125 0.04375
0 0.35546875 0.5296875 0.02265625 0.025
0 0.35859375 0.5578125 0.0359375 0.04921875
0 0.40078125 0.53359375 0.02734375 0.03359375
0 0.428125 0.53671875 0.01875 0.025
0 0.6578125 0.53125 0.04140625 0.040625
0 0.775 0.51640625 0.0578125 0.059375
0 0.8265625 0.55 0.0125 0.02421875
0 0.87109375 0.559375 0.06953125 0.0890625
0 0.91875 0.53359375 0.0296875 0.046875
0 0.94453125 0.60546875 0.028125 0.02890625
0 0.94609375 0.5765625 0.0203125 0.0328125
0 0.97890625 0.57421875 0.034375 0.04375
0 0.990625 0.53359375 0.01796875 0.02578125
0 0.94609375 0.53984375 0.01875 0.03359375
0 0.959375 0.53828125 0.0140625 0.02109375
0 0.9765625 0.54140625 0.0171875 0.025
0 0.8703125 0.7265625 0.0765625 0.07265625
0 0.85 0.6140625 0.05703125 0.053125
0 0.68359375 0.53203125 0.0234375 0.03515625
0 0.7984375 0.56171875 0.03125 0.0421875
0 0.72109375 0.51953125 0.0328125 0.02734375
0 0.52734375 0.5453125 0.040625 0.0390625
0 0.52265625 0.5859375 0.02421875 0.02890625
0 0.43203125 0.56640625 0.03671875 0.02578125
0 0.43203125 0.58828125 0.03359375 0.0265625
0 0.41328125 0.76328125 0.03671875 0.04453125
0 0.375 0.53828125 0.0265625 0.03359375
0 0.0921875 0.5640625 0.01796875 0.021875