0 0.3328125 0.74375 0.165625 0.19765625
0 0.14296875 0.68671875 0.08203125 0.0796875
0 0.046875 0.60234375 0.071875 0.0828125
0 0.12265625 0.60390625 0.02421875 0.03984375
0 0.11484375 0.5453125 0.021875 0.0265625
0 0.1640625 0.5890625 0.06171875 0.10703125
0 0.20625 0.571875 0.09765625 0.1203125
0 0.25 0.528125 0.0359375 0.053125
0 0.32578125 0.58828125 0.0921875 0.11484375
0 0.390625 0.6796875 0.07421875 0.09609375
0 0.42109375 0.62265625 0.10234375 0.075
0 0.48125 0.565625 0.08203125 0.12265625
0 0.4 0.553125 0.03828125 0.0453125
0 0.54765625 0.51484375 0.05234375 0.0796875
0 0.57890625 0.55859375 0.0921875 0.08515625
0 0.6203125 0.6375 0.1 0.09296875
0 0.62265625 0.475 0.07421875 0.1015625
0 0.72265625 0.62265625 0.18203125 0.22109375
0 0.77578125 0.5203125 0.06015625 0.0796875
0 0.87265625 0.55625 0.06796875 0.0984375
0 0.92109375 0.53046875 0.034375 0.053125
0 0.8890625 0.70234375 0.10234375 0.11171875
0 0.978125 0.57578125 0.04375 0.04296875
0 0.9421875 0.53359375 0.034375 0.03203125