0 0.16171875 0.78984375 0.20703125 0.27578125
0 0.28671875 0.64375 0.08359375 0.1125
0 0.39453125 0.6578125 0.14375 0.1640625
0 0.52421875 0.61171875 0.09140625 0.08828125
0 0.53984375 0.7296875 0.11953125 0.16796875
0 0.7546875 0.65390625 0.175 0.18828125
0 0.8765625 0.6078125 0.09921875 0.12421875
0 0.95625 0.66171875 0.0875 0.16796875
0 0.92421875 0.88984375 0.1515625 0.2203125
0 0.52578125 0.55 0.059375 0.07578125
0 0.384375 0.51796875 0.03984375 0.0359375
0 0.58984375 0.56796875 0.0640625 0.06796875
0 0.69921875 0.53203125 0.04375 0.03984375
0 0.884375 0.515625 0.03984375 0.05234375
0 0.19296875 0.515625 0.04765625 0.03203125