0 0.53671875 0.59609375 0.109375 0.175
0 0.3484375 0.584375 0.07734375 0.14140625
0 0.7484375 0.5453125 0.1234375 0.18515625
0 0.11640625 0.69765625 0.0703125 0.11875
0 0.96640625 0.7578125 0.06015625 0.14609375
0 0.6359375 0.6921875 0.08125 0.11875
0 0.42578125 0.71171875 0.07734375 0.12421875
0 0.5578125 0.76875 0.07421875 0.11328125
0 0.92421875 0.79296875 0.0390625 0.07578125
0 0.884375 0.80703125 0.03828125 0.05078125
0 0.89375 0.75546875 0.02421875 0.03125
0 0.7359375 0.68125 0.0390625 0.08515625
0 0.81875 0.7046875 0.046875 0.07734375
0 0.20234375 0.68046875 0.0640625 0.13046875
0 0.2546875 0.68828125 0.0578125 0.11171875
0 0.334375 0.73203125 0.034375 0.06484375
0 0.478125 0.75 0.046875 0.08203125
0 0.05234375 0.7265625 0.025 0.06171875
0 0.15546875 0.7734375 0.05078125 0.04453125