0 0.55390625 0.14296875 0.18359375 0.17890625
0 0.43125 0.3578125 0.09140625 0.08203125
0 0.66875 0.1171875 0.125 0.1234375
0 0.15703125 0.42734375 0.11484375 0.09296875
0 0.28046875 0.2828125 0.10625 0.0890625
0 0.07578125 0.2203125 0.11484375 0.1109375
0 0.08359375 0.1375 0.12109375 0.07890625
0 0.740625 0.23984375 0.07734375 0.075
0 0.175 0.24453125 0.14609375 0.1125
0 0.01015625 0.184375 0.0203125 0.059375
0 0.1875 0.14921875 0.09609375 0.0671875
0 0.91640625 0.184375 0.1625 0.15390625
0 0.8859375 0.1421875 0.228125 0.146875
0 0.83515625 0.11015625 0.09375 0.05546875
0 0.4390625 0.21953125 0.16796875 0.1421875
0 0.43984375 0.1375 0.06875 0.03984375
0 0.353125 0.15625 0.0921875 0.0640625
0 0.30625 0.1515625 0.0625 0.06796875
0 0.2390625 0.165625 0.0421875 0.02890625
0 0.2140625 0.19140625 0.07890625 0.02421875
0 0.2890625 0.2234375 0.0921875 0.07578125