0 0.115625 0.5734375 0.13046875 0.1859375
0 0.2953125 0.9234375 0.1125 0.1421875
0 0.3546875 0.6203125 0.16640625 0.26796875
0 0.78046875 0.57890625 0.33671875 0.52421875
0 0.296875 0.478125 0.0796875 0.11484375
0 0.22109375 0.36875 0.0578125 0.08203125
0 0.04375 0.415625 0.08671875 0.13125
0 0.02734375 0.52734375 0.0546875 0.15859375
0 0.25546875 0.2921875 0.0546875 0.07109375
0 0.50390625 0.33046875 0.05078125 0.08203125
0 0.58515625 0.36640625 0.0546875 0.0984375
0 0.58125 0.27890625 0.0546875 0.0765625
0 0.7265625 0.31171875 0.03984375 0.065625
0 0.41640625 0.34453125 0.04375 0.065625
0 0.509375 0.459375 0.03984375 0.07578125
0 0.10390625 0.36328125 0.0328125 0.05234375
0 0.03828125 0.33984375 0.0578125 0.0515625
0 0.075 0.31328125 0.03125 0.05078125
0 0.11015625 0.28984375 0.0390625 0.05
0 0.1546875 0.25859375 0.0234375 0.0359375
0 0.18515625 0.321875 0.0515625 0.08203125
0 0.35703125 0.303125 0.034375 0.0484375
0 0.3921875 0.29453125 0.03984375 0.05234375
0 0.46171875 0.34375 0.03125 0.059375
0 0.646875 0.2734375 0.02578125 0.05625
0 0.66640625 0.303125 0.04296875 0.06328125
0 0.98828125 0.3296875 0.0234375 0.05546875
0 0.95078125 0.3296875 0.04140625 0.0703125
0 0.9140625 0.37109375 0.0890625 0.1
0 0.2328125 0.46015625 0.0484375 0.08359375
0 0.98671875 0.75546875 0.0265625 0.1140625
0 0.34609375 0.27890625 0.03671875 0.06015625
0 0.940625 0.53828125 0.0828125 0.1734375