0 0.15859375 0.50625 0.11171875 0.128125
0 0.028125 0.53984375 0.05625 0.1359375
0 0.05859375 0.221875 0.0828125 0.084375
0 0.28125 0.55 0.1359375 0.0921875
0 0.315625 0.44609375 0.109375 0.13984375
0 0.23359375 0.16171875 0.0984375 0.1078125
0 0.328125 0.18984375 0.10703125 0.1359375
0 0.45703125 0.12578125 0.10390625 0.1359375
0 0.4 0.20390625 0.05859375 0.128125
0 0.43828125 0.45625 0.11484375 0.17578125
0 0.37578125 0.35625 0.11484375 0.128125
0 0.41328125 0.60390625 0.09609375 0.15625
0 0.5203125 0.5421875 0.1359375 0.14375
0 0.553125 0.434375 0.12265625 0.13203125
0 0.64375 0.40625 0.12265625 0.16796875
0 0.64375 0.55 0.11171875 0.14765625
0 0.8171875 0.53203125 0.11484375 0.14765625
0 0.75078125 0.3296875 0.1015625 0.11171875
0 0.8640625 0.221875 0.09609375 0.1640625
0 0.7703125 0.15625 0.10703125 0.128125
0 0.61484375 0.184375 0.08828125 0.10390625
0 0.53046875 0.18828125 0.0796875 0.1203125
0 0.96640625 0.628125 0.06640625 0.14375
0 0.85078125 0.4296875 0.0796875 0.10390625
0 0.92421875 0.10625 0.075 0.10390625
0 0.82421875 0.11015625 0.1015625 0.06796875
0 0.72109375 0.08828125 0.0828125 0.084375
0 0.18046875 0.30546875 0.1 0.08828125