0 0.2828125 0.4875 0.1015625 0.18125
0 0.38203125 0.54140625 0.071875 0.146875
0 0.15390625 0.5953125 0.1078125 0.20625
0 0.59921875 0.48046875 0.12890625 0.20625
0 0.815625 0.5875 0.065625 0.09375
0 0.0703125 0.72421875 0.0296875 0.04140625
0 0.23125 0.6859375 0.06015625 0.08828125
0 0.31015625 0.66796875 0.028125 0.0453125
0 0.53984375 0.52265625 0.07734375 0.14140625
0 0.69453125 0.62421875 0.04375 0.07734375
0 0.7421875 0.63515625 0.028125 0.05546875
0 0.87421875 0.6953125 0.0203125 0.0375
0 0.33984375 0.6265625 0.040625 0.05703125