0 0.9203125 0.84921875 0.15078125 0.23125
0 0.26015625 0.34453125 0.2796875 0.2890625
0 0.64453125 0.5953125 0.284375 0.27578125
0 0.91796875 0.384375 0.15546875 0.20859375
0 0.778125 0.30703125 0.27578125 0.23125
0 0.3796875 0.63125 0.2890625 0.27578125
0 0.49140625 0.315625 0.21796875 0.221875
0 0.878125 0.07578125 0.2359375 0.15078125
0 0.32890625 0.12890625 0.23984375 0.18671875
0 0.56640625 0.10234375 0.24453125 0.1953125
0 0.1265625 0.5578125 0.253125 0.253125
0 0.96875 0.11328125 0.053125 0.084375
0 0.4359375 0.0421875 0.16015625 0.084375
0 0.08203125 0.21328125 0.07578125 0.0625
0 0.9625 0.65078125 0.06640625 0.1828125
0 0.05546875 0.046875 0.06640625 0.04921875
0 0.32421875 0.884375 0.284375 0.221875
0 0.13125 0.07578125 0.0609375 0.04921875
0 0.1890625 0.125 0.046875 0.04453125
0 0.01484375 0.21796875 0.0296875 0.0453125
0 0.89140625 0.671875 0.05078125 0.059375