0 0.34296875 0.63984375 0.20234375 0.14375
0 0.3671875 0.33046875 0.11171875 0.09609375
0 0.54765625 0.2109375 0.084375 0.11484375
0 0.59375 0.05078125 0.04609375 0.0453125
0 0.31171875 0.134375 0.05390625 0.06640625
0 0.18125 0.37734375 0.115625 0.08515625
0 0.040625 0.32890625 0.08125 0.1078125
0 0.06015625 0.18671875 0.04765625 0.05078125
0 0.05078125 0.053125 0.034375 0.0453125
0 0.009375 0.08671875 0.01796875 0.03984375
0 0.2 0.07578125 0.03828125 0.0453125
0 0.24921875 0.0640625 0.04375 0.05078125
0 0.6109375 0.715625 0.15625 0.16015625
0 0.621875 0.2296875 0.06171875 0.0640625
0 0.67265625 0.1703125 0.05 0.06171875
0 0.72578125 0.10234375 0.03828125 0.06171875
0 0.7171875 0.3359375 0.08984375 0.1359375
0 0.796875 0.325 0.0796875 0.14375
0 0.87265625 0.19453125 0.05625 0.0828125
0 0.828125 0.0890625 0.02421875 0.04296875
0 0.83203125 0.64296875 0.0859375 0.125
0 0.9296875 0.609375 0.05390625 0.0796875
0 0.89921875 0.43046875 0.08984375 0.109375
0 0.89921875 0.28125 0.06171875 0.0796875
0 0.965625 0.44765625 0.06796875 0.0984375
0 0.4359375 0.16640625 0.05390625 0.04765625
0 0.44296875 0.234375 0.071875 0.053125
0 0.4 0.1015625 0.05 0.05078125
0 0.440625 0.06640625 0.03828125 0.034375
0 0.46328125 0.1015625 0.03203125 0.04296875
0 0.29375 0.05078125 0.021875 0.0375
0 0.3203125 0.05859375 0.0296875 0.04296875
0 0.14296875 0.08125 0.02421875 0.0296875
0 0.61328125 0.128125 0.0421875 0.0375
0 0.803125 0.053125 0.02421875 0.034375
0 0.9 0.053125 0.015625 0.0296875
0 0.67109375 0.06796875 0.021875 0.05078125
0 0.7453125 0.046875 0.0203125 0.0296875
0 0.34765625 0.0734375 0.0359375 0.05078125