0 0.4 0.6390625 0.40390625 0.49375
0 0.775 0.8203125 0.3734375 0.35859375
0 0.5796875 0.35234375 0.34140625 0.3140625
0 0.25546875 0.1984375 0.2859375 0.390625
0 0.84453125 0.30390625 0.3046875 0.4515625
0 0.94296875 0.62578125 0.1140625 0.1859375
0 0.96171875 0.9078125 0.0765625 0.184375
0 0.21484375 0.8265625 0.3015625 0.209375
0 0.03515625 0.15625 0.06640625 0.27109375
0 0.03203125 0.38125 0.0640625 0.1796875
0 0.09921875 0.52890625 0.1078125 0.378125
0 0.6234375 0.16015625 0.15078125 0.2546875
0 0.8375 0.58125 0.2640625 0.36640625
0 0.19921875 0.96015625 0.14140625 0.07890625
0 0.77109375 0.10078125 0.19609375 0.20078125
0 0.65 0.08671875 0.140625 0.1734375
0 0.971875 0.05625 0.05625 0.109375