0 0.2390625 0.77890625 0.2421875 0.26640625
0 0.5171875 0.41171875 0.2421875 0.3890625
0 0.7546875 0.36015625 0.328125 0.43203125
0 0.37265625 0.24296875 0.12578125 0.17890625
0 0.21171875 0.3921875 0.13203125 0.17890625
0 0.0671875 0.46171875 0.134375 0.28515625
0 0.140625 0.27578125 0.06015625 0.10703125
0 0.253125 0.2890625 0.06796875 0.10703125
0 0.315625 0.3109375 0.08828125 0.08515625
0 0.08125 0.29296875 0.06796875 0.0640625
0 0.40390625 0.40234375 0.0859375 0.10390625
0 0.9515625 0.384375 0.096875 0.1375