0 0.140625 0.27578125 0.05390625 0.071875
0 0.25390625 0.2859375 0.06796875 0.08359375
0 0.75078125 0.3625 0.32421875 0.41875
0 0.2078125 0.4015625 0.12578125 0.1546875
0 0.525 0.41484375 0.23984375 0.38671875
0 0.065625 0.43515625 0.13125 0.2828125
0 0.2328125 0.77890625 0.20625 0.2375
0 0.371875 0.2375 0.12109375 0.16171875
0 0.865625 0.59765625 0.228125 0.1921875
0 0.08359375 0.29375 0.04609375 0.06171875
0 0.39375 0.4078125 0.0671875 0.07890625
0 0.428125 0.5171875 0.10703125 0.13125
0 0.32265625 0.30390625 0.0609375 0.0765625
0 0.34453125 0.42265625 0.05078125 0.0875
0 0.60234375 0.259375 0.05390625 0.0765625
0 0.9609375 0.40078125 0.078125 0.109375
0 0.9765625 0.30703125 0.046875 0.07421875
0 0.9375 0.30234375 0.04453125 0.06171875
0 0.89140625 0.325 0.1109375 0.1515625
0 0.85703125 0.24296875 0.08984375 0.10703125
0 0.1203125 0.375 0.06015625 0.0828125
0 0.1359375 0.4703125 0.06875 0.075
0 0.16875 0.52421875 0.06171875 0.05234375
0 0.21953125 0.29453125 0.03359375 0.0578125