0 0.059375 0.50546875 0.1140625 0.3875
0 0.17578125 0.525 0.09453125 0.11484375
0 0.3953125 0.646875 0.22421875 0.2703125
0 0.56640625 0.6421875 0.18984375 0.228125
0 0.5234375 0.35703125 0.13828125 0.19375
0 0.665625 0.3453125 0.12890625 0.1671875
0 0.80234375 0.4953125 0.18515625 0.25546875
0 0.9421875 0.51640625 0.09140625 0.10546875
0 0.94453125 0.65703125 0.1109375 0.1359375
0 0.24609375 0.54609375 0.16328125 0.1421875
0 0.4015625 0.5015625 0.1703125 0.1203125
0 0.22265625 0.43359375 0.0578125 0.05703125
0 0.30859375 0.41875 0.05 0.03828125
0 0.178125 0.4609375 0.0234375 0.0359375
0 0.375 0.42734375 0.03828125 0.0390625
0 0.49609375 0.48671875 0.153125 0.15078125
0 0.58671875 0.44921875 0.09453125 0.09921875
0 0.58671875 0.4515625 0.090625 0.10234375
0 0.6546875 0.57890625 0.08671875 0.1078125
0 0.66875 0.46953125 0.0734375 0.090625
0 0.8078125 0.6421875 0.13515625 0.09375
0 0.9203125 0.4453125 0.03984375 0.034375
0 0.12421875 0.459375 0.05234375 0.0921875
0 0.15625 0.45390625 0.02578125 0.0453125
0 0.13359375 0.64453125 0.09296875 0.11875
0 0.27265625 0.44453125 0.046875 0.0375
0 0.34765625 0.43125 0.02734375 0.0375
0 0.96875 0.48203125 0.04375 0.0609375