0 0.1078125 0.3546875 0.06875 0.09140625
0 0.97265625 0.41171875 0.04609375 0.05625
0 0.884375 0.4734375 0.06171875 0.08828125
0 0.303125 0.47890625 0.2140625 0.2984375
0 0.09765625 0.4859375 0.19296875 0.2578125
0 0.83828125 0.48828125 0.07578125 0.10703125
0 0.9734375 0.4921875 0.053125 0.125
0 0.70234375 0.54296875 0.2140625 0.215625
0 0.54296875 0.6234375 0.29296875 0.425
0 0.1734375 0.80625 0.346875 0.3875
0 0.05390625 0.871875 0.1078125 0.2453125
0 0.17421875 0.4078125 0.04453125 0.06875
0 0.28359375 0.64375 0.15390625 0.11171875
0 0.5640625 0.43984375 0.04765625 0.059375
0 0.5125 0.4390625 0.0578125 0.07109375
0 0.7671875 0.4671875 0.04296875 0.03828125
0 0.7546875 0.4234375 0.06796875 0.05546875
0 0.69375 0.421875 0.04296875 0.03359375
0 0.9296875 0.471875 0.034375 0.0546875
0 0.9625 0.5390625 0.0703125 0.06640625
0 0.93828125 0.43046875 0.0234375 0.02734375