0 0.23515625 0.77734375 0.221875 0.246875
0 0.0671875 0.43515625 0.13359375 0.27421875
0 0.21015625 0.3984375 0.13359375 0.1640625
0 0.0828125 0.29296875 0.04140625 0.0609375
0 0.14453125 0.28046875 0.0625 0.065625
0 0.26015625 0.29296875 0.059375 0.0984375
0 0.3140625 0.3 0.05546875 0.07734375
0 0.37109375 0.2390625 0.12265625 0.16328125
0 0.22265625 0.29765625 0.03359375 0.0609375
0 0.13046875 0.371875 0.065625 0.075
0 0.13359375 0.4671875 0.053125 0.065625
0 0.340625 0.42578125 0.0515625 0.0859375
0 0.39296875 0.4140625 0.065625 0.09140625
0 0.41171875 0.51640625 0.10234375 0.134375
0 0.52421875 0.4140625 0.2421875 0.384375
0 0.74921875 0.3515625 0.328125 0.39140625
0 0.85625 0.59375 0.225 0.1984375
0 0.88984375 0.3 0.1109375 0.09765625
0 0.859375 0.2375 0.08671875 0.0921875
0 0.9546875 0.40390625 0.0765625 0.125
0 0.97421875 0.32578125 0.0515625 0.0734375
0 0.9859375 0.284375 0.028125 0.0375
0 0.97421875 0.56875 0.0515625 0.1375
0 0.9453125 0.46796875 0.0640625 0.03984375
0 0.98046875 0.38359375 0.0390625 0.075
0 0.60390625 0.25390625 0.0578125 0.06796875
0 0.16484375 0.5203125 0.075 0.0484375
0 0.3578125 0.4921875 0.0328125 0.03125