0 0.18203125 0.8078125 0.3421875 0.384375
0 0.3078125 0.484375 0.2125 0.31328125
0 0.55625 0.63046875 0.31171875 0.421875
0 0.6984375 0.54609375 0.2265625 0.20390625
0 0.975 0.49375 0.05 0.10625
0 0.975 0.4125 0.046875 0.04921875
0 0.93203125 0.46640625 0.03828125 0.06015625
0 0.93984375 0.42890625 0.0203125 0.028125
0 0.09921875 0.4875 0.1984375 0.26953125
0 0.10390625 0.34453125 0.06875 0.0671875
0 0.17578125 0.4109375 0.04453125 0.05546875
0 0.55546875 0.440625 0.05625 0.065625
0 0.69375 0.41953125 0.0375 0.0375
0 0.75390625 0.42578125 0.07734375 0.0625
0 0.765625 0.47109375 0.0421875 0.046875
0 0.42578125 0.41640625 0.0359375 0.0296875
0 0.51484375 0.43828125 0.05078125 0.07265625
0 0.840625 0.503125 0.08046875 0.08515625
0 0.88203125 0.47890625 0.07109375 0.10078125
0 0.91171875 0.44453125 0.03046875 0.03984375
0 0.86171875 0.4375 0.025 0.028125
0 0.83046875 0.4421875 0.03359375 0.0296875
0 0.9625 0.54140625 0.075 0.07265625
0 0.68515625 0.65390625 0.125 0.13359375
0 0.053125 0.87265625 0.103125 0.2546875
0 0.28203125 0.6453125 0.15625 0.10390625
0 0.1328125 0.38984375 0.04453125 0.04609375
0 0.06796875 0.64375 0.10234375 0.05625
0 0.80390625 0.45234375 0.03046875 0.0296875
0 0.6015625 0.44453125 0.03125 0.0265625
0 0.59296875 0.4796875 0.0390625 0.03203125
0 0.39921875 0.4171875 0.02890625 0.02421875
0 0.41015625 0.53125 0.06171875 0.14453125
0 0.18046875 0.5640625 0.071875 0.07578125