0 0.08828125 0.4828125 0.17578125 0.23203125
0 0.10234375 0.36796875 0.08828125 0.11484375
0 0.17578125 0.41171875 0.05625 0.071875
0 0.175 0.80234375 0.35 0.39453125
0 0.30625 0.475 0.23203125 0.3015625
0 0.55625 0.65234375 0.30234375 0.40234375
0 0.69296875 0.546875 0.22578125 0.22265625
0 0.8390625 0.48828125 0.08828125 0.13046875
0 0.75234375 0.42265625 0.07421875 0.06953125
0 0.559375 0.44375 0.0421875 0.06640625
0 0.975 0.5 0.05 0.1203125
0 0.97578125 0.41171875 0.04765625 0.0796875
0 0.9359375 0.465625 0.04765625 0.08515625