0 0.0140625 0.2515625 0.028125 0.14609375
0 0.1171875 0.3265625 0.22265625 0.278125
0 0.24296875 0.4140625 0.109375 0.11171875
0 0.24453125 0.3421875 0.05390625 0.07265625
0 0.296875 0.32109375 0.0359375 0.0578125
0 0.2921875 0.49609375 0.17734375 0.1140625
0 0.35 0.35546875 0.06796875 0.128125
0 0.4765625 0.3171875 0.23984375 0.3109375
0 0.3421875 0.74296875 0.27578125 0.37578125
0 0.6 0.64375 0.34140625 0.4484375
0 0.58984375 0.3109375 0.0578125 0.06328125
0 0.6328125 0.33125 0.04140625 0.0375
0 0.60625 0.3859375 0.06015625 0.0765625
0 0.78984375 0.43828125 0.32265625 0.3953125
0 0.8296875 0.28828125 0.046875 0.06640625
0 0.89140625 0.34296875 0.0640625 0.12109375
0 0.94609375 0.34375 0.04765625 0.1140625
0 0.98125 0.32890625 0.03359375 0.05546875
0 0.9703125 0.42578125 0.059375 0.078125
0 0.95625 0.459375 0.0875 0.0765625
0 0.34375 0.4296875 0.06953125 0.06328125
0 0.0109375 0.4234375 0.021875 0.04375