0 0.78984375 0.4375 0.31171875 0.3921875
0 0.30625 0.48125 0.121875 0.1125
0 0.61328125 0.64453125 0.3328125 0.4484375
0 0.340625 0.74140625 0.275 0.3671875
0 0.0171875 0.24609375 0.034375 0.1125
0 0.4765625 0.31875 0.240625 0.31640625
0 0.121875 0.32578125 0.221875 0.26875
0 0.9015625 0.33828125 0.071875 0.12421875
0 0.94375 0.34375 0.05 0.10859375
0 0.98203125 0.33125 0.03359375 0.05859375
0 0.6125 0.36796875 0.06875 0.0984375
0 0.2359375 0.41640625 0.08984375 0.090625
0 0.2484375 0.3375 0.04921875 0.0640625
0 0.346875 0.3484375 0.0625 0.10390625
0 0.3 0.31953125 0.034375 0.04140625
0 0.59609375 0.3 0.04296875 0.040625
0 0.9578125 0.44140625 0.084375 0.10703125