0 0.08203125 0.34765625 0.075 0.10234375
0 0.13828125 0.3125 0.05859375 0.08671875
0 0.21328125 0.25078125 0.0703125 0.13359375
0 0.18671875 0.315625 0.075 0.13359375
0 0.16953125 0.5109375 0.1265625 0.1640625
0 0.3375 0.72109375 0.446875 0.5578125
0 0.28984375 0.33203125 0.0734375 0.07109375
0 0.32578125 0.25 0.08828125 0.0953125
0 0.3828125 0.3390625 0.06328125 0.08671875
0 0.45234375 0.3109375 0.08515625 0.12890625
0 0.465625 0.4765625 0.103125 0.16640625
0 0.54140625 0.4109375 0.078125 0.12890625
0 0.59296875 0.4046875 0.0546875 0.08203125
0 0.684375 0.4078125 0.11328125 0.13984375
0 0.79140625 0.434375 0.06484375 0.0640625
0 0.878125 0.49765625 0.103125 0.12890625
0 0.97578125 0.47109375 0.0484375 0.08671875
0 0.903125 0.396875 0.03203125 0.0375
0 0.93671875 0.4078125 0.0265625 0.03125
0 0.73359375 0.2 0.28515625 0.3625
0 0.98515625 0.41796875 0.0296875 0.05546875