0 0.628125 0.32421875 0.028125 0.06328125
0 0.9640625 0.32578125 0.0515625 0.09609375
0 0.9859375 0.35 0.028125 0.078125
0 0.84453125 0.353125 0.05234375 0.09921875
0 0.74921875 0.37421875 0.034375 0.071875
0 0.6890625 0.40703125 0.03203125 0.08984375
0 0.903125 0.4171875 0.065625 0.1203125
0 0.021875 0.76875 0.04375 0.146875
0 0.071875 0.22265625 0.10234375 0.190625
0 0.71328125 0.28828125 0.034375 0.0828125
0 0.81875 0.46875 0.02265625 0.084375
0 0.815625 0.42421875 0.0265625 0.0671875
0 0.75546875 0.4546875 0.0359375 0.0421875
0 0.68984375 0.5140625 0.02265625 0.04609375
0 0.7859375 0.30390625 0.021875 0.046875
0 0.81875 0.32109375 0.0171875 0.034375
0 0.8546875 0.28515625 0.0265625 0.03515625
0 0.9625 0.41328125 0.03828125 0.06875
0 0.67109375 0.309375 0.01796875 0.053125
0 0.2125 0.25234375 0.03203125 0.0515625
0 0.27421875 0.253125 0.0328125 0.05625
0 0.2390625 0.33828125 0.03828125 0.06875
0 0.35546875 0.4296875 0.02109375 0.03671875
0 0.5484375 0.49375 0.01875 0.03203125
0 0.04609375 0.36875 0.03125 0.11953125
0 0.00703125 0.25546875 0.0140625 0.08984375
0 0.01328125 0.13203125 0.02578125 0.12734375
0 0.15 0.2375 0.01875 0.05078125
0 0.16328125 0.18828125 0.03359375 0.07265625
0 0.90546875 0.284375 0.025 0.06328125
0 0.884375 0.33828125 0.02734375 0.05234375
0 0.56796875 0.4265625 0.01953125 0.0296875
0 0.58671875 0.41171875 0.01015625 0.01953125