0 0.628125 0.1921875 0.034375 0.0609375
0 0.8578125 0.1921875 0.040625 0.0609375
0 0.1984375 0.22734375 0.103125 0.140625
0 0.3203125 0.2296875 0.16875 0.2296875
0 0.5328125 0.23671875 0.125 0.1875
0 0.03125 0.24140625 0.040625 0.0609375
0 0.7578125 0.2484375 0.109375 0.1546875
0 0.9390625 0.25390625 0.04375 0.0609375
0 0.8875 0.2703125 0.05625 0.109375
0 0.9578125 0.34296875 0.084375 0.103125
0 0.021875 0.39453125 0.0375 0.0609375
0 0.10859375 0.3046875 0.03984375 0.05
0 0.11640625 0.19140625 0.02890625 0.03984375
0 0.0609375 0.20390625 0.0328125 0.0390625
0 0.04375 0.18125 0.028125 0.0296875
0 0.04921875 0.13203125 0.0234375 0.0375
0 0.0734375 0.1421875 0.02578125 0.03828125
0 0.01015625 0.225 0.0203125 0.046875
0 0.43125 0.24375 0.03125 0.053125
0 0.440625 0.2 0.034375 0.0484375
0 0.4421875 0.13671875 0.02578125 0.04140625
0 0.88984375 0.18515625 0.03203125 0.04375
0 0.928125 0.16484375 0.03125 0.04453125
0 0.98671875 0.1640625 0.0265625 0.04296875
0 0.98984375 0.19375 0.0203125 0.04453125
0 0.8046875 0.3328125 0.0875 0.08828125
0 0.85546875 0.36875 0.0515625 0.0828125
0 0.6453125 0.2734375 0.03125 0.04765625
0 0.63671875 0.24609375 0.02578125 0.03828125
0 0.63984375 0.153125 0.03125 0.05234375
0 0.6828125 0.171875 0.03046875 0.03359375
0 0.0125 0.125 0.025 0.04296875
0 0.5859375 0.1171875 0.0296875 0.0421875
0 0.47421875 0.128125 0.02421875 0.0390625
0 0.76875 0.11484375 0.02890625 0.04296875
0 0.796875 0.1375 0.0234375 0.034375
0 0.6390625 0.109375 0.02578125 0.03125
0 0.82578125 0.09296875 0.02578125 0.03515625
0 0.87578125 0.0984375 0.0296875 0.0375
0 0.84375 0.1203125 0.0203125 0.03359375