0 0.83515625 0.29296875 0.178125 0.2078125
0 0.79375 0.60390625 0.2515625 0.275
0 0.59296875 0.2109375 0.121875 0.12265625
0 0.725 0.36796875 0.13828125 0.18671875
0 0.77890625 0.9234375 0.2140625 0.153125
0 0.3609375 0.73984375 0.25 0.2375
0 0.81328125 0.09765625 0.12578125 0.14140625
0 0.296875 0.18671875 0.12578125 0.13828125
0 0.1140625 0.3359375 0.1203125 0.14375
0 0.290625 0.46015625 0.10625 0.1359375
0 0.39296875 0.11171875 0.09375 0.1015625
0 0.0640625 0.13203125 0.0796875 0.08828125
0 0.42421875 0.60546875 0.17578125 0.1921875
0 0.12265625 0.62421875 0.17421875 0.1921875
0 0.9109375 0.07734375 0.0859375 0.09609375
0 0.1421875 0.06953125 0.1 0.09609375
0 0.58125 0.1109375 0.0859375 0.0828125
0 0.3296875 0.33359375 0.11171875 0.13828125
0 0.44453125 0.20390625 0.12578125 0.103125
0 0.953125 0.16640625 0.09375 0.09296875
0 0.271875 0.58125 0.08828125 0.103125