0 0.28828125 0.03828125 0.1109375 0.0765625
0 0.0890625 0.0546875 0.10234375 0.1015625
0 0.9390625 0.08203125 0.115625 0.09453125
0 0.1859375 0.08828125 0.11015625 0.13046875
0 0.77890625 0.12109375 0.10234375 0.09375
0 0.39140625 0.146875 0.1328125 0.14140625
0 0.09296875 0.16484375 0.0984375 0.115625
0 0.22890625 0.2359375 0.11875 0.19765625
0 0.8546875 0.1296875 0.06328125 0.075
0 0.8640625 0.053125 0.03984375 0.0515625
0 0.4625 0.08828125 0.02421875 0.025
0 0.65859375 0.065625 0.02734375 0.03984375
0 0.684375 0.1234375 0.03515625 0.0390625
0 0.4859375 0.13203125 0.03125 0.0328125
0 0.70234375 0.10703125 0.03515625 0.03828125
0 0.503125 0.08359375 0.04140625 0.04375