0 0.24765625 0.415625 0.065625 0.07578125
0 0.4625 0.34609375 0.08828125 0.11953125
0 0.65234375 0.39921875 0.0453125 0.05078125
0 0.753125 0.275 0.0671875 0.06640625
0 0.025 0.3328125 0.04921875 0.096875
0 0.0359375 0.38828125 0.04453125 0.05859375
0 0.06640625 0.3140625 0.03203125 0.04140625
0 0.0921875 0.24609375 0.0453125 0.02890625
0 0.13828125 0.21796875 0.0828125 0.084375
0 0.19609375 0.25625 0.03046875 0.0234375
0 0.00546875 0.22578125 0.009375 0.0359375
0 0.28671875 0.30625 0.06875 0.08203125
0 0.3984375 0.19765625 0.0765625 0.0640625
0 0.26171875 0.2390625 0.0609375 0.05546875
0 0.3421875 0.2609375 0.04296875 0.0515625
0 0.38359375 0.259375 0.07578125 0.0703125
0 0.4296875 0.26640625 0.03984375 0.05078125
0 0.50703125 0.2953125 0.08359375 0.08203125
0 0.58203125 0.2515625 0.065625 0.06953125
0 0.60625 0.3265625 0.0375 0.034375
0 0.63515625 0.29453125 0.02734375 0.03046875
0 0.68671875 0.278125 0.01484375 0.01796875
0 0.7828125 0.23203125 0.0296875 0.03046875
0 0.771875 0.21875 0.02734375 0.02265625
0 0.8671875 0.25546875 0.06953125 0.07421875
0 0.953125 0.27890625 0.0578125 0.04921875
0 0.9796875 0.25546875 0.0390625 0.04296875
0 0.809375 0.25859375 0.02421875 0.02421875
0 0.8 0.29765625 0.03359375 0.02578125
0 0.91953125 0.284375 0.034375 0.025
0 0.621875 0.303125 0.0265625 0.0234375
0 0.0734375 0.23984375 0.0453125 0.06796875