0 0.79296875 0.59609375 0.2421875 0.26796875
0 0.96328125 0.85 0.0734375 0.11328125
0 0.77890625 0.93046875 0.178125 0.1390625
0 0.3609375 0.9703125 0.1421875 0.059375
0 0.35859375 0.75 0.2546875 0.16328125
0 0.12734375 0.640625 0.17734375 0.14609375
0 0.4203125 0.60859375 0.1640625 0.1828125
0 0.28203125 0.59296875 0.10078125 0.0828125
0 0.28359375 0.45625 0.11328125 0.10546875
0 0.38046875 0.4765625 0.1109375 0.09921875
0 0.7296875 0.3625 0.125 0.16875
0 0.8328125 0.2734375 0.17734375 0.18828125
0 0.96875 0.30859375 0.0625 0.1203125
0 0.94453125 0.5671875 0.1109375 0.1359375
0 0.0703125 0.44453125 0.10625 0.08125
0 0.1125 0.334375 0.1078125 0.09375
0 0.07890625 0.209375 0.0734375 0.0859375
0 0.06328125 0.13046875 0.06875 0.05703125
0 0.29375 0.190625 0.11328125 0.11953125
0 0.32578125 0.3453125 0.115625 0.1015625
0 0.43828125 0.2578125 0.11875 0.08359375
0 0.44140625 0.19453125 0.1140625 0.06875
0 0.5953125 0.209375 0.109375 0.103125
0 0.67421875 0.19140625 0.078125 0.09375
0 0.38984375 0.11015625 0.08125 0.08046875
0 0.33984375 0.12109375 0.07421875 0.07890625
0 0.1328125 0.065625 0.084375 0.0671875
0 0.1375 0.1140625 0.07109375 0.0484375
0 0.228125 0.06875 0.078125 0.078125
0 0.06484375 0.03203125 0.059375 0.04296875
0 0.33984375 0.01953125 0.0640625 0.0390625
0 0.4578125 0.0203125 0.071875 0.040625
0 0.47109375 0.071875 0.0953125 0.05625
0 0.57578125 0.10234375 0.0671875 0.0453125
0 0.6890625 0.0765625 0.071875 0.0484375
0 0.62109375 0.0609375 0.0609375 0.06328125
0 0.70625 0.028125 0.065625 0.05625
0 0.81640625 0.10546875 0.1171875 0.13125
0 0.9109375 0.078125 0.071875 0.0765625
0 0.9515625 0.1703125 0.08671875 0.07578125
0 0.9734375 0.04140625 0.053125 0.0453125
0 0.5703125 0.97734375 0.128125 0.0453125
0 0.54765625 0.05390625 0.059375 0.06640625
0 0.08984375 0.50703125 0.11328125 0.046875
0 0.4921875 0.16953125 0.05625 0.0640625
0 0.3921875 0.04375 0.06171875 0.04375
0 0.20390625 0.01484375 0.0640625 0.0296875
0 0.0140625 0.5125 0.028125 0.090625