0 0.459375 0.34765625 0.08984375 0.109375
0 0.24375 0.4171875 0.07578125 0.07734375
0 0.75234375 0.28125 0.08828125 0.08828125
0 0.5828125 0.253125 0.07421875 0.090625
0 0.6421875 0.3984375 0.05234375 0.06640625
0 0.2640625 0.246875 0.08828125 0.10390625
0 0.38203125 0.265625 0.084375 0.08828125
0 0.065625 0.315625 0.04375 0.05078125
0 0.14375 0.215625 0.09609375 0.12265625
0 0.78203125 0.234375 0.04765625 0.053125
0 0.86796875 0.2625 0.084375 0.1203125
0 0.50703125 0.29453125 0.09375 0.11484375
0 0.29140625 0.3046875 0.07421875 0.07890625