0 0.5875 0.45625 0.540625 0.91171875
0 0.24453125 0.73828125 0.11484375 0.2
0 0.15 0.815625 0.10390625 0.1796875
0 0.0359375 0.778125 0.071875 0.19609375
0 0.19609375 0.56796875 0.040625 0.05625
0 0.1890625 0.9484375 0.09453125 0.10234375
0 0.29765625 0.8796875 0.121875 0.184375
0 0.359375 0.815625 0.05625 0.084375
0 0.7296875 0.8703125 0.11953125 0.1921875
0 0.85 0.8796875 0.26328125 0.23984375
0 0.9578125 0.81796875 0.084375 0.1796875
0 0.8859375 0.6296875 0.07421875 0.115625
0 0.8234375 0.60390625 0.0765625 0.1640625
0 0.97421875 0.61796875 0.0515625 0.14375
0 0.121875 0.63984375 0.0453125 0.0640625
0 0.07578125 0.67421875 0.0359375 0.06796875
0 0.0203125 0.665625 0.040625 0.0796875
0 0.3671875 0.59609375 0.0359375 0.08828125