0 0.1 0.58125 0.06875 0.096875
0 0.1984375 0.59375 0.046875 0.0890625
0 0.60703125 0.5890625 0.1078125 0.15
0 0.740625 0.59609375 0.084375 0.075
0 0.3890625 0.60546875 0.08125 0.103125
0 0.434375 0.64296875 0.06875 0.09375
0 0.03046875 0.68984375 0.0609375 0.09375
0 0.290625 0.7515625 0.05 0.0890625
0 0.9546875 0.57578125 0.06953125 0.053125
0 0.1296875 0.65 0.0609375 0.05703125
0 0.01640625 0.60234375 0.0328125 0.06796875
0 0.24140625 0.6109375 0.0390625 0.04375
0 0.54609375 0.64765625 0.04921875 0.1296875
0 0.78125 0.68828125 0.1078125 0.05859375
0 0.921875 0.63671875 0.08125 0.0875
0 0.878125 0.625 0.05546875 0.06875
0 0.53359375 0.73828125 0.03828125 0.04453125
0 0.2859375 0.63671875 0.03515625 0.0625
0 0.23359375 0.67109375 0.046875 0.07109375
0 0.17265625 0.696875 0.040625 0.0640625