0 0.06015625 0.7953125 0.1203125 0.140625
0 0.86171875 0.64140625 0.18125 0.1296875
0 0.5140625 0.5046875 0.4765625 0.3171875
0 0.21875 0.65078125 0.0734375 0.0671875
0 0.84296875 0.46640625 0.071875 0.053125
0 0.8609375 0.5171875 0.0703125 0.05
0 0.96640625 0.509375 0.0640625 0.05625
0 0.9203125 0.46796875 0.0703125 0.0484375
0 0.23671875 0.575 0.096875 0.0671875
0 0.08828125 0.5265625 0.0984375 0.065625
0 0.1453125 0.56796875 0.0703125 0.05
0 0.2421875 0.49765625 0.075 0.040625
0 0.23828125 0.52578125 0.0859375 0.04375
0 0.16796875 0.521875 0.0703125 0.05
0 0.82265625 0.48828125 0.0546875 0.0328125
0 0.8734375 0.4875 0.0484375 0.0296875
0 0.9921875 0.6125 0.015625 0.05
0 0.96953125 0.48046875 0.059375 0.0328125
0 0.1515625 0.49921875 0.04375 0.0265625
0 0.0234375 0.52421875 0.04375 0.0578125
0 0.0265625 0.575 0.053125 0.0328125
0 0.0203125 0.4765625 0.040625 0.0328125
0 0.17109375 0.47265625 0.0390625 0.0296875
0 0.121875 0.465625 0.0421875 0.0328125
0 0.04296875 0.5015625 0.046875 0.03125
0 0.184375 0.45 0.0421875 0.025
0 0.22578125 0.44453125 0.046875 0.0296875