0 0.64296875 0.41875 0.0546875 0.07890625
0 0.371875 0.48125 0.35 0.48359375
0 0.8296875 0.66328125 0.340625 0.58203125
0 0.365625 0.94375 0.1375 0.1125
0 0.965625 0.27890625 0.0375 0.05390625
0 0.8859375 0.27890625 0.046875 0.06640625
0 0.6875 0.31484375 0.040625 0.05390625
0 0.540625 0.32109375 0.14375 0.20390625
0 0.18125 0.3875 0.3625 0.775
0 0.6984375 0.40625 0.059375 0.1
0 0.628125 0.34375 0.03828125 0.0515625
0 0.634375 0.31875 0.05078125 0.05703125
0 0.7234375 0.3 0.02890625 0.04453125
0 0.65 0.2734375 0.02734375 0.0234375
0 0.78984375 0.3625 0.04453125 0.04140625
0 0.87265625 0.3125 0.06171875 0.05
0 0.82734375 0.30625 0.03515625 0.0328125
0 0.91328125 0.25703125 0.0234375 0.04140625
0 0.93125 0.3828125 0.0390625 0.059375
0 0.775 0.31015625 0.03125 0.034375
0 0.79765625 0.29921875 0.03125 0.03828125
0 0.984375 0.34765625 0.03125 0.0875
0 0.96171875 0.378125 0.03828125 0.0859375
0 0.82109375 0.4609375 0.19375 0.15703125