0 0.3390625 0.93828125 0.12109375 0.11875
0 0.49296875 0.9671875 0.1015625 0.065625
0 0.77265625 0.8609375 0.07421875 0.10625
0 0.871875 0.83125 0.10859375 0.121875
0 0.971875 0.7390625 0.05625 0.096875
0 0.1078125 0.9734375 0.0609375 0.053125
0 0.02578125 0.92578125 0.0515625 0.1484375
0 0.10390625 0.68984375 0.10546875 0.13515625
0 0.05625 0.609375 0.1 0.12265625
0 0.1453125 0.56171875 0.0828125 0.13828125
0 0.03125 0.35703125 0.0625 0.09296875
0 0.18984375 0.4140625 0.07890625 0.103125
0 0.2609375 0.4828125 0.0421875 0.090625
0 0.28359375 0.6015625 0.05859375 0.1359375
0 0.39921875 0.6265625 0.11328125 0.1328125
0 0.49921875 0.61640625 0.08984375 0.1234375
0 0.55234375 0.5828125 0.0578125 0.1
0 0.53046875 0.51875 0.0625 0.0828125
0 0.6484375 0.5703125 0.08046875 0.1484375
0 0.8140625 0.46171875 0.10234375 0.13984375
0 0.95859375 0.5296875 0.0828125 0.1328125
0 0.93984375 0.490625 0.07421875 0.0828125
0 0.03515625 0.2140625 0.065625 0.08671875
0 0.196875 0.234375 0.0671875 0.08203125
0 0.24921875 0.321875 0.0671875 0.0921875
0 0.284375 0.25390625 0.065625 0.0984375
0 0.3609375 0.24765625 0.05078125 0.090625
0 0.42578125 0.3375 0.05625 0.0828125
0 0.4921875 0.41484375 0.071875 0.0984375
0 0.565625 0.4296875 0.05625 0.0703125
0 0.565625 0.35078125 0.0515625 0.071875
0 0.63828125 0.36015625 0.040625 0.075
0 0.57890625 0.25 0.0640625 0.08359375
0 0.5984375 0.14375 0.06171875 0.08046875
0 0.04765625 0.0921875 0.03125 0.0421875
0 0.09609375 0.1 0.04375 0.0671875
0 0.159375 0.125 0.0515625 0.0640625
0 0.22734375 0.0890625 0.034375 0.0515625
0 0.22890625 0.15625 0.0296875 0.0578125
0 0.14609375 0.31640625 0.06015625 0.07734375
0 0.13671875 0.3953125 0.06171875 0.11640625
0 0.27890625 0.071875 0.034375 0.053125
0 0.3421875 0.13046875 0.034375 0.0453125
0 0.340625 0.18046875 0.03828125 0.0515625
0 0.434375 0.12890625 0.0390625 0.05625
0 0.4640625 0.21796875 0.06875 0.0875
0 0.8734375 0.4078125 0.05859375 0.11640625
0 0.834375 0.35625 0.0328125 0.071875
0 0.79375 0.32109375 0.05 0.09453125
0 0.82734375 0.2921875 0.0421875 0.05859375
0 0.878125 0.2953125 0.0515625 0.08203125
0 0.96015625 0.271875 0.05234375 0.0828125
0 0.98828125 0.25703125 0.0234375 0.0640625
0 0.98359375 0.15234375 0.0328125 0.0640625
0 0.7234375 0.2203125 0.06015625 0.0921875
0 0.71875 0.14765625 0.046875 0.05546875
0 0.72734375 0.103125 0.0296875 0.04375
0 0.65625 0.128125 0.046875 0.0734375
0 0.5984375 0.09140625 0.034375 0.0515625
0 0.6203125 0.06953125 0.025 0.0375
0 0.4359375 0.07734375 0.03125 0.0484375
0 0.43046875 0.02890625 0.034375 0.0546875
0 0.55546875 0.01953125 0.0296875 0.0390625
0 0.52109375 0.1078125 0.028125 0.040625
0 0.33046875 0.040625 0.0359375 0.046875
0 0.171875 0.08828125 0.02890625 0.02890625
0 0.77265625 0.078125 0.0359375 0.046875
0 0.784375 0.03515625 0.028125 0.0390625
0 0.759375 0.03515625 0.03125 0.046875
0 0.728125 0.03984375 0.0359375 0.0453125
0 0.89140625 0.11328125 0.0484375 0.08671875
0 0.890625 0.0390625 0.034375 0.05
0 0.83359375 0.11015625 0.04453125 0.0640625
0 0.8015625 0.15390625 0.05546875 0.078125
0 0.93828125 0.025 0.025 0.05
0 0.67421875 0.67734375 0.05 0.08359375
0 0.99140625 0.35546875 0.0171875 0.07109375
0 0.7265625 0.36171875 0.03203125 0.08984375
0 0.68671875 0.36875 0.0453125 0.096875
0 0.36484375 0.11640625 0.03828125 0.0734375
0 0.553125 0.15703125 0.03125 0.040625
0 0.46796875 0.1296875 0.028125 0.0265625
0 0.48203125 0.17421875 0.0625 0.05859375
0 0.3328125 0.21953125 0.02890625 0.046875
0 0.16328125 0.06875 0.0390625 0.0328125
0 0.1640625 0.04375 0.03046875 0.02265625
0 0.23984375 0.0109375 0.021875 0.01953125
0 0.371875 0.03515625 0.03203125 0.05
0 0.0796875 0.17578125 0.04765625 0.053125
0 0.5296875 0.03515625 0.02890625 0.03515625
0 0.50625 0.0578125 0.0328125 0.03203125
0 0.31875 0.40234375 0.0515625 0.1
0 0.35859375 0.428125 0.03828125 0.0890625
0 0.45546875 0.45703125 0.053125 0.07890625
0 0.034375 0.49453125 0.05390625 0.09765625