0 0.38359375 0.61484375 0.09921875 0.11953125
0 0.42421875 0.52734375 0.0734375 0.1015625
0 0.31484375 0.4421875 0.06015625 0.0828125
0 0.08203125 0.475 0.0734375 0.0921875
0 0.25859375 0.534375 0.08203125 0.078125
0 0.33203125 0.53671875 0.06875 0.0734375
0 0.415625 0.45390625 0.06484375 0.078125
0 0.528125 0.5578125 0.07734375 0.0921875
0 0.6484375 0.40078125 0.05625 0.06875
0 0.48671875 0.446875 0.06484375 0.078125
0 0.66796875 0.63125 0.0515625 0.0734375
0 0.7453125 0.60625 0.0859375 0.096875
0 0.6703125 0.5296875 0.0390625 0.06015625
0 0.7546875 0.5046875 0.08203125 0.0734375
0 0.82578125 0.6265625 0.0734375 0.096875
0 0.81484375 0.54609375 0.0734375 0.0734375
0 0.840625 0.29921875 0.0515625 0.078125
0 0.90703125 0.665625 0.125 0.1703125
0 0.9609375 0.48359375 0.0515625 0.0875
0 0.56875 0.2765625 0.06875 0.05078125
0 0.48125 0.325 0.04453125 0.06875
0 0.61171875 0.34765625 0.0515625 0.05546875
0 0.4140625 0.3390625 0.08203125 0.0734375
0 0.5265625 0.334375 0.05078125 0.05234375
0 0.86640625 0.403125 0.05078125 0.06328125