0 0.11875 0.77734375 0.2375 0.253125
0 0.94609375 0.9125 0.103125 0.1203125
0 0.45859375 0.7359375 0.1125 0.0890625
0 0.6546875 0.95625 0.1078125 0.0828125
0 0.02890625 0.9640625 0.0578125 0.06875
0 0.80078125 0.68828125 0.396875 0.3234375
0 0.19140625 0.92734375 0.125 0.1078125
0 0.8390625 0.9421875 0.0984375 0.0734375
0 0.6078125 0.86484375 0.1453125 0.15
0 0.490625 0.97734375 0.0671875 0.04375
0 0.23828125 0.9734375 0.071875 0.053125
0 0.82578125 0.8671875 0.184375 0.096875
0 0.9203125 0.98515625 0.084375 0.025
0 0.596875 0.98125 0.0421875 0.03125
0 0.13515625 0.9265625 0.1296875 0.1046875