0 0.8734375 0.86015625 0.046875 0.0625
0 0.9140625 0.875 0.040625 0.05859375
0 0.80625 0.9375 0.05625 0.08359375
0 0.7171875 0.9 0.046875 0.06640625
0 0.2734375 0.82734375 0.040625 0.0625
0 0.05 0.86875 0.04375 0.0625
0 0.028125 0.71875 0.03125 0.04609375
0 0.934375 0.70390625 0.03125 0.04140625
0 0.6171875 0.72109375 0.034375 0.04140625
0 0.225 0.78359375 0.0375 0.05859375
0 0.6703125 0.90234375 0.059375 0.07109375
0 0.4390625 0.88984375 0.046875 0.0875
0 0.496875 0.83515625 0.04375 0.05390625
0 0.1125 0.80859375 0.04375 0.05859375
0 0.434375 0.79765625 0.0375 0.04609375
0 0.984375 0.95234375 0.03125 0.04609375
0 0.1328125 0.72734375 0.028125 0.0375
0 0.065625 0.76484375 0.0375 0.04609375