0 0.07421875 0.68359375 0.071875 0.11484375
0 0.45 0.8546875 0.05234375 0.096875
0 0.0859375 0.5328125 0.0578125 0.0859375
0 0.01484375 0.49140625 0.0296875 0.1
0 0.03515625 0.440625 0.0296875 0.0640625
0 0.06328125 0.321875 0.0453125 0.096875
0 0.01171875 0.33203125 0.0234375 0.0953125
0 0.00703125 0.19453125 0.0140625 0.08046875
0 0.10234375 0.15 0.05 0.084375
0 0.090625 0.078125 0.05234375 0.06796875
0 0.13046875 0.08203125 0.0359375 0.0625
0 0.18203125 0.12265625 0.04375 0.05703125
0 0.2359375 0.19921875 0.05703125 0.09453125
0 0.15 0.3453125 0.0625 0.103125
0 0.20546875 0.35859375 0.04140625 0.05390625
0 0.24921875 0.31328125 0.03515625 0.0609375
0 0.21171875 0.29921875 0.03671875 0.05
0 0.19921875 0.05234375 0.0390625 0.0515625
0 0.15546875 0.03828125 0.046875 0.0578125
0 0.30625 0.15546875 0.0484375 0.08359375
0 0.33515625 0.2703125 0.05234375 0.08203125
0 0.3453125 0.3765625 0.06953125 0.0953125
0 0.29296875 0.075 0.04921875 0.0734375
0 0.384375 0.0875 0.040625 0.08046875
0 0.4265625 0.14765625 0.04453125 0.0921875
0 0.39375 0.21953125 0.05234375 0.096875
0 0.45703125 0.28125 0.046875 0.090625
0 0.4265625 0.33671875 0.04375 0.096875
0 0.44609375 0.453125 0.0640625 0.1
0 0.4984375 0.38671875 0.05 0.0890625
0 0.55390625 0.3953125 0.06640625 0.10078125
0 0.58359375 0.4703125 0.05078125 0.06484375
0 0.621875 0.46015625 0.02578125 0.05234375
0 0.646875 0.5203125 0.0671875 0.084375
0 0.5125 0.4828125 0.04765625 0.08203125
0 0.40546875 0.5484375 0.040625 0.065625
0 0.32265625 0.6078125 0.0640625 0.10234375
0 0.38359375 0.67890625 0.0546875 0.08671875
0 0.4734375 0.73046875 0.034375 0.05703125
0 0.53125 0.8078125 0.04140625 0.10546875
0 0.64296875 0.7703125 0.046875 0.1015625
0 0.703125 0.8 0.0421875 0.0921875
0 0.74140625 0.89375 0.05390625 0.0859375
0 0.71015625 0.9390625 0.03125 0.04609375
0 0.82890625 0.93203125 0.0625 0.09921875
0 0.8140625 0.81953125 0.04921875 0.09375
0 0.75078125 0.6046875 0.06328125 0.09140625
0 0.80546875 0.60390625 0.07265625 0.11171875
0 0.3671875 0.01953125 0.034375 0.0390625
0 0.25234375 0.13984375 0.0359375 0.0453125
0 0.46953125 0.109375 0.05859375 0.09453125
0 0.4921875 0.18671875 0.04609375 0.0890625
0 0.55078125 0.0765625 0.05078125 0.07734375
0 0.61640625 0.24609375 0.0546875 0.08125
0 0.68984375 0.2234375 0.07421875 0.10625
0 0.63671875 0.33203125 0.0515625 0.06875
0 0.64296875 0.39296875 0.025 0.05
0 0.69921875 0.39765625 0.0515625 0.10078125
0 0.74609375 0.3921875 0.0546875 0.109375
0 0.7859375 0.396875 0.03828125 0.11640625
0 0.77890625 0.32265625 0.0484375 0.0625
0 0.58828125 0.1546875 0.04765625 0.06171875
0 0.696875 0.12109375 0.05 0.07734375
0 0.68203125 0.065625 0.04765625 0.0703125
0 0.840625 0.18125 0.04140625 0.05703125
0 0.871875 0.28828125 0.04140625 0.0765625
0 0.91953125 0.21015625 0.046875 0.0765625
0 0.90078125 0.31796875 0.0421875 0.07734375
0 0.93203125 0.3421875 0.0609375 0.0828125
0 0.9515625 0.3734375 0.04765625 0.09140625
0 0.95078125 0.51875 0.0265625 0.0328125
0 0.84296875 0.1078125 0.0421875 0.05703125
0 0.8875 0.1203125 0.0453125 0.06875
0 0.91875 0.1453125 0.034375 0.0484375
0 0.9578125 0.05625 0.03984375 0.05078125
0 0.8734375 0.0375 0.03828125 0.06640625
0 0.8140625 0.06875 0.040625 0.0484375
0 0.81328125 0.12109375 0.0359375 0.04375
0 0.7359375 0.0484375 0.028125 0.0390625
0 0.76875 0.059375 0.03203125 0.0359375
0 0.9765625 0.27890625 0.0390625 0.0828125
0 0.81796875 0.1875 0.04921875 0.08515625
0 0.8015625 0.09140625 0.03125 0.0515625
0 0.9875 0.0796875 0.025 0.046875
0 0.9546875 0.13359375 0.03359375 0.05546875
0 0.7125 0.1046875 0.03984375 0.08359375
0 0.325 0.2296875 0.05234375 0.0765625
0 0.2609375 0.3640625 0.03671875 0.04765625
0 0.16640625 0.275 0.04140625 0.03125
0 0.1421875 0.16171875 0.0296875 0.08515625
0 0.08984375 0.03359375 0.03984375 0.0359375
0 0.55390625 0.34375 0.0390625 0.03671875
0 0.528125 0.16640625 0.0390625 0.06015625
0 0.97890625 0.13828125 0.0421875 0.0734375
0 0.58671875 0.0984375 0.0375 0.05078125
0 0.63515625 0.1828125 0.03046875 0.0421875