0 0.69609375 0.2265625 0.07578125 0.1109375
0 0.78125 0.40546875 0.065625 0.1203125
0 0.75078125 0.6078125 0.07421875 0.10546875
0 0.8109375 0.59765625 0.065625 0.1078125
0 0.9546875 0.37265625 0.065625 0.09609375
0 0.83984375 0.1828125 0.04765625 0.06640625
0 0.921875 0.20546875 0.06015625 0.08671875
0 0.97265625 0.26875 0.04609375 0.10546875
0 0.45078125 0.8546875 0.06171875 0.09296875
0 0.528125 0.8109375 0.05625 0.1203125
0 0.63515625 0.765625 0.05390625 0.1078125
0 0.70390625 0.803125 0.05625 0.10546875
0 0.81328125 0.8171875 0.06171875 0.1078125
0 0.39296875 0.21796875 0.07421875 0.1109375
0 0.14765625 0.3453125 0.084375 0.13203125
0 0.059375 0.3171875 0.06171875 0.09296875
0 0.075 0.6875 0.078125 0.13828125
0 0.54609375 0.078125 0.0640625 0.09609375
0 0.44765625 0.4578125 0.0796875 0.1171875
0 0.475 0.73125 0.04609375 0.05703125
0 0.74296875 0.89375 0.065625 0.09921875
0 0.828125 0.93671875 0.07578125 0.1140625
0 0.646875 0.534375 0.078125 0.10234375
0 0.621875 0.24765625 0.0640625 0.09296875
0 0.88984375 0.12578125 0.05234375 0.09609375
0 0.24375 0.1953125 0.08828125 0.1140625
0 0.0859375 0.534375 0.06796875 0.09609375
0 0.0921875 0.09140625 0.06015625 0.10546875
0 0.384375 0.09296875 0.05625 0.1078125
0 0.346875 0.375 0.0859375 0.1078125
0 0.87109375 0.0421875 0.04609375 0.078125
0 0.4671875 0.1078125 0.07421875 0.1078125
0 0.3953125 0.6859375 0.0703125 0.1109375
0 0.325 0.6109375 0.07421875 0.1234375
0 0.871875 0.29609375 0.05625 0.08671875
0 0.9046875 0.32734375 0.05390625 0.10234375
0 0.28984375 0.0765625 0.06796875 0.1171875
0 0.196875 0.05234375 0.0578125 0.09296875
0 0.50390625 0.3828125 0.06015625 0.1109375
0 0.559375 0.39765625 0.07421875 0.1171875
0 0.6953125 0.1203125 0.0703125 0.10234375
0 0.45859375 0.2859375 0.0515625 0.1109375
0 0.496875 0.190625 0.046875 0.0921875