0 0.240625 0.303125 0.203125 0.36171875
0 0.6625 0.36171875 0.228125 0.33828125
0 0.434375 0.38203125 0.23671875 0.38359375
0 0.09140625 0.6609375 0.11640625 0.20625
0 0.25703125 0.83984375 0.21875 0.28203125
0 0.4390625 0.7546875 0.13515625 0.24765625
0 0.5859375 0.79296875 0.175 0.32890625
0 0.65078125 0.575 0.19453125 0.32109375
0 0.378125 0.528125 0.1421875 0.20625
0 0.325 0.0875 0.184375 0.175
0 0.18203125 0.58046875 0.13515625 0.128125
0 0.61796875 0.12109375 0.10390625 0.1125
0 0.4984375 0.14375 0.1390625 0.2453125