0 0.1671875 0.30390625 0.29921875 0.41953125
0 0.9609375 0.3484375 0.04609375 0.06015625
0 0.34609375 0.37890625 0.0640625 0.09296875
0 0.634375 0.4 0.13984375 0.26328125
0 0.825 0.425 0.0640625 0.09609375
0 0.39453125 0.44765625 0.0578125 0.08359375
0 0.971875 0.503125 0.05625 0.18828125
0 0.29765625 0.50859375 0.084375 0.146875
0 0.50234375 0.52109375 0.0640625 0.1140625
0 0.446875 0.6484375 0.11171875 0.15234375
0 0.165625 0.65859375 0.09609375 0.1015625
0 0.03515625 0.8171875 0.0703125 0.09609375
0 0.4515625 0.3828125 0.0328125 0.0515625
0 0.4703125 0.42734375 0.02734375 0.04609375
0 0.478125 0.36015625 0.0234375 0.040625
0 0.5640625 0.34296875 0.0453125 0.0609375
0 0.55 0.4671875 0.03671875 0.06953125
0 0.75625 0.5625 0.0703125 0.2796875
0 0.69609375 0.584375 0.06875 0.0625
0 0.9265625 0.31953125 0.025 0.034375
0 0.91328125 0.38515625 0.028125 0.0484375
0 0.928125 0.54765625 0.025 0.04375
0 0.91640625 0.50703125 0.03125 0.03203125
0 0.9265625 0.48046875 0.0265625 0.0390625
0 0.7953125 0.35703125 0.03046875 0.0421875
0 0.8734375 0.38828125 0.025 0.0359375
0 0.85703125 0.33984375 0.021875 0.03359375
0 0.90078125 0.42421875 0.021875 0.04375