0 0.425 0.5828125 0.11015625 0.17578125
0 0.2046875 0.3359375 0.10625 0.2125
0 0.2546875 0.415625 0.078125 0.153125
0 0.32421875 0.4703125 0.1078125 0.1828125
0 0.04609375 0.2046875 0.08828125 0.17578125
0 0.09296875 0.19609375 0.09375 0.2328125
0 0.32578125 0.846875 0.13984375 0.2125
0 0.70078125 0.82890625 0.09765625 0.1625
0 0.8671875 0.7859375 0.10234375 0.17578125
0 0.57265625 0.56484375 0.05390625 0.08671875
0 0.478125 0.4796875 0.06015625 0.14921875
0 0.925 0.77734375 0.05390625 0.10625
0 0.5921875 0.77265625 0.10234375 0.253125