0 0.4453125 0.48046875 0.034375 0.05390625
0 0.92421875 0.6453125 0.071875 0.10234375
0 0.9671875 0.59140625 0.065625 0.078125
0 0.86328125 0.44765625 0.034375 0.0484375
0 0.82890625 0.5375 0.0296875 0.05390625
0 0.86875 0.5078125 0.034375 0.05390625
0 0.38828125 0.45625 0.03203125 0.0296875
0 0.15390625 0.44609375 0.0359375 0.0453125
0 0.93671875 0.43125 0.02578125 0.0453125
0 0.42265625 0.3875 0.0296875 0.0421875
0 0.97265625 0.3765625 0.02578125 0.0328125
0 0.6171875 0.39921875 0.021875 0.0359375