0 0.2296875 0.7375 0.20234375 0.334375
0 0.05390625 0.42265625 0.1078125 0.19375
0 0.16796875 0.334375 0.10625 0.1671875
0 0.66171875 0.5734375 0.1640625 0.24765625
0 0.89296875 0.6640625 0.17421875 0.24765625
0 0.796875 0.41953125 0.14609375 0.2359375
0 0.915625 0.41328125 0.09765625 0.203125
0 0.1328125 0.11953125 0.0640625 0.1046875
0 0.240625 0.075 0.05390625 0.0953125
0 0.55078125 0.25234375 0.06171875 0.08671875
0 0.56875 0.128125 0.03984375 0.065625
0 0.76796875 0.20625 0.03828125 0.06875
0 0.796875 0.24609375 0.05625 0.06875
0 0.921875 0.18359375 0.04609375 0.06875
0 0.8609375 0.24453125 0.03828125 0.06875