0 0.1296875 0.69609375 0.259375 0.4078125
0 0.440625 0.18046875 0.24375 0.3609375
0 0.61875 0.7984375 0.3328125 0.4
0 0.70390625 0.41171875 0.275 0.390625
0 0.8078125 0.13984375 0.1875 0.278125
0 0.3328125 0.55390625 0.4125 0.6703125
0 0.56484375 0.11875 0.0859375 0.2375
0 0.96171875 0.08359375 0.075 0.1671875
0 0.6484375 0.09296875 0.121875 0.1859375
0 0.21171875 0.190625 0.2390625 0.38125
0 0.634375 0.30234375 0.2 0.2578125
0 0.0984375 0.1171875 0.0625 0.159375
0 0.84921875 0.03828125 0.10625 0.0765625
0 0.9484375 0.0515625 0.075 0.103125
0 0.96015625 0.2796875 0.0796875 0.28125
0 0.71484375 0.1 0.071875 0.1390625