0 0.234375 0.715625 0.2 0.3171875
0 0.75234375 0.41875 0.14765625 0.215625
0 0.6234375 0.56484375 0.13125 0.23125
0 0.83984375 0.65234375 0.15625 0.25234375
0 0.18671875 0.34765625 0.10234375 0.184375
0 0.084375 0.41875 0.0953125 0.16640625
0 0.7609375 0.25 0.046875 0.06953125
0 0.14765625 0.13828125 0.0640625 0.0859375
0 0.24921875 0.096875 0.05390625 0.0890625
0 0.02734375 0.2140625 0.05 0.0953125
0 0.2890625 0.25703125 0.04609375 0.07109375
0 0.603125 0.92734375 0.2140625 0.14453125
0 0.86328125 0.196875 0.0421875 0.06171875
0 0.86796875 0.39375 0.0921875 0.190625
0 0.53515625 0.26328125 0.0703125 0.0828125