0 0.56328125 0.434375 0.0671875 0.06953125
0 0.8125 0.53046875 0.06171875 0.0703125
0 0.36015625 0.53671875 0.0578125 0.0859375
0 0.9703125 0.54375 0.059375 0.08359375
0 0.5890625 0.61484375 0.0671875 0.08125
0 0.965625 0.61953125 0.06875 0.0921875
0 0.50859375 0.62578125 0.059375 0.07890625
0 0.3328125 0.66484375 0.0578125 0.0984375
0 0.60703125 0.678125 0.07265625 0.08515625
0 0.84375 0.67890625 0.0671875 0.08046875
0 0.253125 0.68671875 0.0703125 0.1
0 0.56328125 0.73359375 0.0671875 0.10390625
0 0.4515625 0.73984375 0.07890625 0.0921875
0 0.934375 0.73984375 0.05859375 0.0703125
0 0.23125 0.77578125 0.0734375 0.084375
0 0.66484375 0.79296875 0.06484375 0.084375
0 0.553125 0.853125 0.078125 0.10078125
0 0.6171875 0.8703125 0.0625 0.0671875
0 0.9640625 0.8765625 0.071875 0.09453125
0 0.2484375 0.89375 0.075 0.0921875
0 0.4890625 0.9546875 0.06640625 0.090625
0 0.159375 0.95390625 0.04375 0.0921875
0 0.36328125 0.95703125 0.0796875 0.0796875
0 0.66328125 0.96015625 0.06328125 0.0796875
0 0.30546875 0.3890625 0.0453125 0.0671875