0 0.5640625 0.4328125 0.065625 0.07109375
0 0.8125 0.53125 0.0625 0.07109375
0 0.3609375 0.5375 0.05625 0.0875
0 0.971875 0.54609375 0.05625 0.0875
0 0.5890625 0.61484375 0.065625 0.0796875
0 0.9671875 0.6234375 0.065625 0.0921875
0 0.509375 0.62578125 0.059375 0.0796875
0 0.60625 0.678125 0.071875 0.08359375
0 0.84375 0.678125 0.06875 0.0796875
0 0.253125 0.6859375 0.06875 0.10078125
0 0.5625 0.734375 0.06875 0.1046875
0 0.4515625 0.740625 0.078125 0.0921875
0 0.934375 0.740625 0.059375 0.07109375
0 0.23125 0.77578125 0.071875 0.08359375
0 0.6640625 0.79296875 0.065625 0.08359375
0 0.553125 0.85390625 0.078125 0.10078125
0 0.6171875 0.8703125 0.0625 0.0671875
0 0.9640625 0.8765625 0.071875 0.09609375
0 0.2484375 0.89296875 0.075 0.0921875
0 0.4890625 0.95390625 0.065625 0.0921875
0 0.1609375 0.95625 0.04375 0.0875
0 0.3640625 0.9578125 0.08125 0.0796875
0 0.6640625 0.96015625 0.0625 0.0796875
0 0.30625 0.3890625 0.046875 0.0671875
0 0.8328125 0.8203125 0.053125 0.06328125