0 0.771875 0.34921875 0.1140625 0.18515625
0 0.340625 0.36484375 0.234375 0.121875
0 0.55078125 0.43125 0.1796875 0.35390625
0 0.915625 0.43125 0.16796875 0.32890625
0 0.7171875 0.5140625 0.11796875 0.20078125
0 0.36328125 0.6234375 0.24609375 0.34765625
0 0.11875 0.62734375 0.1859375 0.32578125
0 0.8046875 0.79921875 0.21171875 0.23515625
0 0.40390625 0.89921875 0.2640625 0.2015625
0 0.61875 0.20390625 0.16015625 0.23828125
0 0.965625 0.20703125 0.06796875 0.25390625
0 0.378125 0.26640625 0.1578125 0.14765625
0 0.1 0.30390625 0.2 0.17578125