0 0.771875 0.35 0.1140625 0.1859375
0 0.34140625 0.36484375 0.234375 0.121875
0 0.55078125 0.43046875 0.18046875 0.35546875
0 0.91484375 0.428125 0.1703125 0.32890625
0 0.7171875 0.51328125 0.11796875 0.2
0 0.3625 0.62421875 0.246875 0.34765625
0 0.11875 0.62734375 0.1859375 0.3265625
0 0.8046875 0.7984375 0.21171875 0.23359375
0 0.40390625 0.89921875 0.2640625 0.2015625
0 0.61953125 0.203125 0.16015625 0.2375
0 0.965625 0.20703125 0.06875 0.25546875
0 0.378125 0.265625 0.1578125 0.14765625
0 0.1 0.30390625 0.19921875 0.175