0 0.771875 0.34921875 0.1140625 0.18515625
0 0.34609375 0.3578125 0.22890625 0.13671875
0 0.55703125 0.43125 0.19140625 0.35390625
0 0.915625 0.434375 0.16796875 0.321875
0 0.7171875 0.5203125 0.12734375 0.26171875
0 0.36328125 0.6234375 0.24609375 0.34765625
0 0.1140625 0.62578125 0.1953125 0.328125
0 0.80234375 0.79140625 0.20703125 0.2515625
0 0.4 0.89765625 0.25546875 0.2046875
0 0.61484375 0.20390625 0.17734375 0.23828125
0 0.96484375 0.20703125 0.0703125 0.25390625
0 0.38125 0.25703125 0.15078125 0.165625
0 0.1 0.30390625 0.2 0.17578125
0 0.56640625 0.7140625 0.1375 0.2421875
0 0.65546875 0.71640625 0.16015625 0.3140625
0 0.9234375 0.69609375 0.0765625 0.2328125
0 0.8546875 0.128125 0.1390625 0.1234375
0 0.40390625 0.146875 0.16171875 0.15703125
0 0.07109375 0.1765625 0.11328125 0.1015625
0 0.20625 0.0828125 0.190625 0.165625
0 0.07578125 0.8375 0.1453125 0.1609375
0 0.53984375 0.0453125 0.2171875 0.090625
0 0.7140625 0.03828125 0.1359375 0.0734375
0 0.86953125 0.02890625 0.084375 0.05703125
0 0.98046875 0.03359375 0.0390625 0.06328125