0 0.2484375 0.909375 0.184375 0.109375
0 0.1109375 0.66796875 0.1484375 0.1125
0 0.8484375 0.94296875 0.215625 0.1109375
0 0.88671875 0.71171875 0.1875 0.1328125
0 0.5421875 0.6953125 0.225 0.1296875
0 0.3765625 0.6984375 0.1796875 0.1140625
0 0.42578125 0.6109375 0.2203125 0.1
0 0.0953125 0.9109375 0.1109375 0.075
0 0.71953125 0.721875 0.1359375 0.0890625
0 0.5953125 0.65078125 0.1734375 0.1265625
0 0.7515625 0.8140625 0.1109375 0.121875
0 0.18359375 0.81953125 0.18125 0.075
0 0.94921875 0.990625 0.053125 0.01875