0 0.78828125 0.81875 0.26796875 0.3625
0 0.3953125 0.60234375 0.07890625 0.159375
0 0.7890625 0.490625 0.0859375 0.18125
0 0.93125 0.52109375 0.09375 0.19453125
0 0.96484375 0.68125 0.0703125 0.290625
0 0.62109375 0.85859375 0.10546875 0.2828125
0 0.41484375 0.92109375 0.10625 0.15703125
0 0.25703125 0.4703125 0.09765625 0.16796875
0 0.05078125 0.65703125 0.08203125 0.17890625
0 0.3859375 0.49609375 0.06015625 0.11171875
0 0.46015625 0.41328125 0.04375 0.05859375
0 0.28125 0.83203125 0.178125 0.3359375
0 0.42421875 0.92265625 0.1203125 0.1546875
0 0.515625 0.3984375 0.03828125 0.04765625
0 0.6140625 0.51171875 0.06015625 0.13828125
0 0.14296875 0.471875 0.07421875 0.1171875
0 0.53515625 0.46953125 0.078125 0.08515625
0 0.12578125 0.67734375 0.10390625 0.2984375
0 0.653125 0.60703125 0.090625 0.15546875
0 0.68984375 0.48125 0.06796875 0.09296875
0 0.6171875 0.353125 0.034375 0.03984375
0 0.446875 0.64140625 0.0671875 0.22421875
0 0.5578125 0.90625 0.08203125 0.1875