0 0.13515625 0.39921875 0.04296875 0.05859375
0 0.259375 0.45859375 0.075 0.1125
0 0.14453125 0.475 0.04296875 0.08203125
0 0.69609375 0.48203125 0.06484375 0.0828125
0 0.79140625 0.48359375 0.07421875 0.1265625
0 0.6109375 0.5046875 0.0390625 0.07421875
0 0.93203125 0.51328125 0.090625 0.14765625
0 0.4875 0.578125 0.08203125 0.1640625
0 0.6546875 0.6 0.0828125 0.1328125
0 0.409375 0.6125 0.08671875 0.15390625
0 0.04609375 0.6453125 0.084375 0.15
0 0.1234375 0.671875 0.0890625 0.24765625
0 0.15390625 0.68046875 0.00859375 0.00078125
0 0.96171875 0.69609375 0.07578125 0.26171875
0 0.8 0.82421875 0.23046875 0.3515625
0 0.26953125 0.8421875 0.13828125 0.31484375
0 0.0390625 0.8625 0.078125 0.275
0 0.61171875 0.8640625 0.10234375 0.271875
0 0.55703125 0.909375 0.0703125 0.18125
0 0.4234375 0.92265625 0.09140625 0.1546875