0 0.13515625 0.3984375 0.0421875 0.05859375
0 0.25625 0.4515625 0.08359375 0.1265625
0 0.14375 0.475 0.0421875 0.0828125
0 0.6921875 0.4796875 0.07109375 0.0890625
0 0.78828125 0.48828125 0.0796875 0.14609375
0 0.6125 0.50703125 0.053125 0.1
0 0.92890625 0.50625 0.090625 0.1609375
0 0.48828125 0.57890625 0.08203125 0.165625
0 0.65234375 0.59921875 0.08671875 0.15078125
0 0.409375 0.61328125 0.0859375 0.1546875
0 0.04609375 0.6453125 0.084375 0.14921875
0 0.12109375 0.67421875 0.0921875 0.3046875
0 0.9625 0.6921875 0.075 0.271875
0 0.79296875 0.81171875 0.2421875 0.37578125
0 0.26328125 0.81953125 0.1484375 0.3609375
0 0.0390625 0.8625 0.078125 0.275
0 0.6015625 0.85859375 0.08203125 0.27890625
0 0.55859375 0.91015625 0.0703125 0.1796875
0 0.41796875 0.921875 0.0828125 0.15625
0 0.34609375 0.9796875 0.0421875 0.040625
0 0.68046875 0.78125 0.0984375 0.18203125
0 0.86796875 0.6078125 0.03984375 0.0984375
0 0.98671875 0.4734375 0.02578125 0.10390625
0 0.8328125 0.4484375 0.0546875 0.0671875
0 0.86796875 0.42421875 0.07890625 0.13984375
0 0.27421875 0.5734375 0.1296875 0.13828125
0 0.0796875 0.5140625 0.05625 0.10625
0 0.0140625 0.4921875 0.028125 0.109375
0 0.190625 0.43359375 0.05546875 0.10625
0 0.19140625 0.5453125 0.05703125 0.19453125
0 0.38828125 0.49296875 0.0609375 0.090625
0 0.44296875 0.64609375 0.05546875 0.20234375
0 0.49765625 0.6234375 0.0515625 0.075
0 0.5265625 0.46328125 0.04453125 0.0609375
0 0.38671875 0.4234375 0.0625 0.07734375
0 0.2875 0.37265625 0.04375 0.07890625
0 0.440625 0.4375 0.0484375 0.0515625
0 0.459375 0.409375 0.02578125 0.04765625
0 0.80078125 0.56640625 0.040625 0.12734375
0 0.5625 0.38828125 0.03203125 0.04765625
0 0.60078125 0.3515625 0.025 0.03515625
0 0.7953125 0.35859375 0.02421875 0.02890625
0 0.4734375 0.83671875 0.0359375 0.06171875
0 0.5140625 0.3953125 0.02578125 0.0484375
0 0.43515625 0.4921875 0.053125 0.0515625
0 0.040625 0.42890625 0.0390625 0.05703125