0 0.47109375 0.56796875 0.2390625 0.31953125
0 0.165625 0.6703125 0.103125 0.1375
0 0.278125 0.725 0.128125 0.20625
0 0.0859375 0.7390625 0.171875 0.31484375
0 0.4546875 0.86171875 0.165625 0.25859375
0 0.23671875 0.159375 0.1671875 0.315625
0 0.84375 0.3078125 0.1546875 0.275
0 0.29140625 0.48671875 0.08046875 0.1046875
0 0.32421875 0.5359375 0.08671875 0.0828125
0 0.1515625 0.2171875 0.09375 0.16328125
0 0.35390625 0.3015625 0.1046875 0.25078125
0 0.2875 0.96640625 0.1015625 0.0671875
0 0.65390625 0.0296875 0.1171875 0.059375