0 0.54375 0.82421875 0.43125 0.2234375
0 0.1421875 0.7265625 0.284375 0.2171875
0 0.1984375 0.9015625 0.396875 0.19375
0 0.36875 0.65234375 0.18125 0.121875
0 0.7265625 0.6640625 0.184375 0.0984375
0 0.84609375 0.62578125 0.1515625 0.0765625
0 0.7578125 0.5890625 0.11875 0.059375
0 0.0625 0.5 0.084375 0.0546875
0 0.5859375 0.5203125 0.09375 0.04375
0 0.53828125 0.64609375 0.2359375 0.1390625
0 0.04921875 0.58125 0.0984375 0.05
0 0.97890625 0.575 0.0390625 0.071875
0 0.02421875 0.540625 0.0484375 0.0390625
0 0.22734375 0.6078125 0.0921875 0.04375
0 0.3234375 0.59296875 0.0765625 0.0375
0 0.453125 0.54140625 0.1046875 0.046875
0 0.9078125 0.5484375 0.0609375 0.046875
0 0.9671875 0.5390625 0.065625 0.034375
0 0.81640625 0.54140625 0.0515625 0.034375