0 0.121875 0.6703125 0.078125 0.1
0 0.1640625 0.85234375 0.115625 0.12734375
0 0.246875 0.765625 0.065625 0.090625
0 0.3625 0.72734375 0.08125 0.11796875
0 0.46875 0.640625 0.059375 0.08203125
0 0.5640625 0.6703125 0.05625 0.06328125
0 0.5734375 0.54765625 0.059375 0.07265625
0 0.4484375 0.56796875 0.0375 0.059375
0 0.365625 0.61796875 0.040625 0.059375
0 0.3953125 0.65234375 0.04375 0.0546875
0 0.240625 0.6 0.0375 0.06796875
0 0.6203125 0.50703125 0.046875 0.0546875
0 0.69375 0.525 0.03125 0.0453125
0 0.7296875 0.49296875 0.034375 0.03671875
0 0.665625 0.490625 0.040625 0.05
0 0.5078125 0.5453125 0.05 0.06328125
0 0.36875 0.52734375 0.034375 0.05
0 0.328125 0.55 0.028125 0.0453125
0 0.296875 0.6046875 0.053125 0.07265625
0 0.2546875 0.5203125 0.0375 0.05
0 0.140625 0.58671875 0.03828125 0.06953125
0 0.18125 0.575 0.0625 0.090625
0 0.5203125 0.4703125 0.03125 0.05
0 0.4234375 0.47265625 0.0375 0.040625
0 0.4203125 0.590625 0.034375 0.05
0 0.490625 0.46796875 0.025 0.040625
0 0.284375 0.490625 0.028125 0.03671875
0 0.2109375 0.46171875 0.025 0.03671875
0 0.1484375 0.46328125 0.021875 0.03671875
0 0.0796875 0.5765625 0.05703125 0.07734375
0 0.1421875 0.50703125 0.03125 0.03671875
0 0.1890625 0.5046875 0.03125 0.05
0 0.225 0.509375 0.028125 0.040625
0 0.271875 0.4546875 0.03125 0.02734375
0 0.559375 0.48828125 0.028125 0.03671875
0 0.69375 0.46328125 0.028125 0.03671875
0 0.575 0.43671875 0.01875 0.02734375
0 0.6109375 0.47265625 0.028125 0.02734375
0 0.36875 0.46171875 0.01875 0.03203125
0 0.3328125 0.45 0.01875 0.02265625
0 0.7578125 0.46171875 0.021875 0.01796875
0 0.625 0.44296875 0.025 0.02734375
0 0.4125 0.525 0.03125 0.0453125