0 0.234375 0.48828125 0.071875 0.1171875
0 0.1953125 0.61953125 0.084375 0.1125
0 0.4109375 0.59140625 0.065625 0.1734375
0 0.434375 0.4765625 0.053125 0.075
0 0.1421875 0.30078125 0.0375 0.046875
0 0.440625 0.21796875 0.0375 0.028125
0 0.303125 0.32421875 0.040625 0.0609375
0 0.3890625 0.33828125 0.03125 0.0515625
0 0.48046875 0.3515625 0.0375 0.065625
0 0.6515625 0.88984375 0.0875 0.2203125
0 0.97578125 0.35 0.0359375 0.0703125
0 0.1203125 0.453125 0.05625 0.0890625
0 0.06875 0.3453125 0.03828125 0.046875
0 0.2734375 0.39921875 0.0375 0.0421875
0 0.2265625 0.36171875 0.04375 0.0515625
0 0.2046875 0.32421875 0.03125 0.0421875
0 0.5359375 0.60078125 0.0375 0.0609375
0 0.1 0.8015625 0.15 0.215625