0 0.203125 0.61796875 0.09765625 0.13515625
0 0.15703125 0.49453125 0.05390625 0.0859375
0 0.10625 0.675 0.0703125 0.09765625
0 0.11171875 0.3234375 0.06015625 0.08359375
0 0.2109375 0.38515625 0.0578125 0.07734375
0 0.22890625 0.30859375 0.05390625 0.08359375
0 0.43203125 0.6078125 0.0640625 0.0921875
0 0.54375 0.515625 0.06796875 0.10625
0 0.45 0.41640625 0.0703125 0.11796875
0 0.315625 0.47734375 0.0703125 0.09765625
0 0.3171875 0.2828125 0.04765625 0.0859375
0 0.353125 0.2859375 0.05625 0.10625
0 0.37578125 0.3890625 0.0640625 0.10078125
0 0.4046875 0.32734375 0.05234375 0.075
0 0.4953125 0.34453125 0.0578125 0.06875
0 0.559375 0.36484375 0.05234375 0.06328125
0 0.61328125 0.325 0.05234375 0.07734375
0 0.67109375 0.34375 0.04609375 0.07734375
0 0.5796875 0.6453125 0.05 0.075
0 0.66796875 0.58515625 0.07578125 0.075
0 0.69921875 0.6578125 0.06171875 0.08046875
0 0.69296875 0.503125 0.05625 0.08359375
0 0.74609375 0.478125 0.06796875 0.09765625
0 0.7578125 0.40546875 0.04765625 0.06640625
0 0.7703125 0.371875 0.05234375 0.0578125
0 0.84921875 0.5 0.06171875 0.0796875
0 0.7671875 0.69296875 0.02890625 0.06484375
0 0.80390625 0.66640625 0.03984375 0.075
0 0.24765625 0.46875 0.05234375 0.0890625
0 0.0890625 0.5015625 0.0421875 0.0890625
0 0.4203125 0.78203125 0.0609375 0.10078125