0 0.2578125 0.765625 0.11015625 0.1734375
0 0.44765625 0.7 0.078125 0.13125
0 0.3640625 0.65078125 0.071875 0.128125
0 0.37109375 0.525 0.07421875 0.128125
0 0.28671875 0.5265625 0.071875 0.0953125
0 0.55 0.61484375 0.0796875 0.14921875
0 0.71015625 0.58984375 0.0578125 0.125
0 0.7453125 0.6609375 0.078125 0.15859375
0 0.88515625 0.65078125 0.0796875 0.1640625
0 0.82890625 0.67734375 0.0578125 0.140625
0 0.85234375 0.5265625 0.07421875 0.1015625
0 0.965625 0.534375 0.06796875 0.12265625
0 0.57421875 0.41171875 0.05 0.08359375
0 0.62265625 0.38515625 0.0359375 0.0953125
0 0.18671875 0.68671875 0.08828125 0.1640625
0 0.07265625 0.64609375 0.0859375 0.1375
0 0.05390625 0.45234375 0.0640625 0.0953125
0 0.32421875 0.41015625 0.03984375 0.05390625
0 0.78984375 0.3390625 0.0421875 0.0625
0 0.8109375 0.38984375 0.034375 0.0625
0 0.67421875 0.48828125 0.03984375 0.08359375
0 0.7421875 0.51328125 0.04609375 0.08359375
0 0.93984375 0.40859375 0.05 0.06875
0 0.52578125 0.3296875 0.05 0.05703125
0 0.59375 0.31953125 0.03828125 0.05078125
0 0.68828125 0.371875 0.03984375 0.06875
0 0.42265625 0.425 0.0640625 0.08046875
0 0.46484375 0.61484375 0.05390625 0.08984375
0 0.6203125 0.62109375 0.07421875 0.11015625
0 0.15390625 0.51015625 0.0640625 0.1015625
0 0.46328125 0.35859375 0.0421875 0.05703125
0 0.52421875 0.459375 0.03984375 0.075