0 0.5265625 0.33203125 0.03359375 0.05390625
0 0.7859375 0.34453125 0.040625 0.059375
0 0.6203125 0.39375 0.034375 0.090625
0 0.56640625 0.4109375 0.0578125 0.06640625
0 0.42421875 0.42890625 0.05390625 0.06875
0 0.053125 0.44140625 0.04609375 0.0546875
0 0.68046875 0.496875 0.03984375 0.08203125
0 0.7421875 0.5140625 0.04609375 0.07578125
0 0.153125 0.51640625 0.05 0.08125
0 0.3765625 0.521875 0.07890625 0.10078125
0 0.28984375 0.5234375 0.06328125 0.08125
0 0.853125 0.52578125 0.0609375 0.096875
0 0.96953125 0.53125 0.0609375 0.12421875
0 0.9171875 0.58203125 0.078125 0.125
0 0.196875 0.5828125 0.04453125 0.084375
0 0.62265625 0.61640625 0.06328125 0.10234375
0 0.55234375 0.61875 0.07890625 0.13125
0 0.46171875 0.61953125 0.05390625 0.06953125
0 0.075 0.6390625 0.065625 0.13125
0 0.3625 0.64921875 0.07109375 0.128125
0 0.746875 0.6546875 0.0796875 0.12734375
0 0.88359375 0.65859375 0.08828125 0.14296875
0 0.978125 0.6734375 0.04375 0.134375
0 0.44765625 0.70234375 0.06953125 0.11875
0 0.19296875 0.703125 0.09375 0.1640625
0 0.25390625 0.75703125 0.09375 0.16875