0 0.52578125 0.3328125 0.034375 0.05390625
0 0.7859375 0.34453125 0.03984375 0.059375
0 0.621875 0.38984375 0.0296875 0.08203125
0 0.5671875 0.41015625 0.0578125 0.065625
0 0.425 0.4296875 0.05390625 0.06875
0 0.053125 0.44140625 0.04609375 0.05390625
0 0.6796875 0.49296875 0.03984375 0.06640625
0 0.74296875 0.51484375 0.04609375 0.075
0 0.153125 0.51640625 0.05 0.08046875
0 0.37578125 0.52109375 0.06875 0.0890625
0 0.28984375 0.52421875 0.0640625 0.08046875
0 0.853125 0.525 0.06015625 0.0984375
0 0.96953125 0.53125 0.0609375 0.125
0 0.9171875 0.58203125 0.078125 0.125
0 0.196875 0.58203125 0.04375 0.08359375
0 0.62265625 0.615625 0.0640625 0.10390625
0 0.54140625 0.61875 0.059375 0.1359375
0 0.4640625 0.61640625 0.04765625 0.075
0 0.075 0.6390625 0.065625 0.13125
0 0.36328125 0.64921875 0.071875 0.128125
0 0.746875 0.65546875 0.0796875 0.128125
0 0.88671875 0.65625 0.0796875 0.146875
0 0.97890625 0.6734375 0.0421875 0.134375
0 0.446875 0.7015625 0.0703125 0.11953125
0 0.190625 0.7015625 0.0984375 0.1671875
0 0.2484375 0.76015625 0.109375 0.1734375
0 0.58046875 0.59296875 0.03984375 0.0671875
0 0.02578125 0.721875 0.05078125 0.08828125
0 0.121875 0.5609375 0.065625 0.0546875
0 0.13359375 0.62109375 0.04375 0.065625
0 0.02109375 0.52109375 0.040625 0.05859375
0 0.18125 0.528125 0.05234375 0.046875
0 0.228125 0.56640625 0.03828125 0.0640625
0 0.2671875 0.59296875 0.03671875 0.06796875
0 0.2703125 0.66875 0.0703125 0.09140625
0 0.38828125 0.5984375 0.0734375 0.09609375
0 0.834375 0.6734375 0.05 0.13515625
0 0.8953125 0.50859375 0.02890625 0.05703125
0 0.775 0.45546875 0.034375 0.0546875
0 0.71015625 0.4734375 0.0375 0.05078125
0 0.6265625 0.503125 0.03671875 0.0484375
0 0.584375 0.540625 0.0453125 0.0421875
0 0.7046875 0.584375 0.05859375 0.1046875
0 0.71171875 0.75 0.02734375 0.05859375
0 0.80390625 0.39375 0.03125 0.05625
0 0.96484375 0.44609375 0.0359375 0.05078125
0 0.81953125 0.4796875 0.05 0.06796875
0 0.94765625 0.4 0.0359375 0.04609375
0 0.6890625 0.371875 0.03046875 0.0484375
0 0.43046875 0.4953125 0.05703125 0.0546875
0 0.52578125 0.45859375 0.02734375 0.0453125
0 0.471875 0.55078125 0.05703125 0.0609375
0 0.3515625 0.46171875 0.0453125 0.04296875
0 0.32421875 0.4109375 0.028125 0.0546875
0 0.4953125 0.434375 0.04609375 0.040625
0 0.49375 0.4875 0.05 0.05703125
0 0.59453125 0.325 0.0265625 0.04609375
0 0.3890625 0.384375 0.0234375 0.046875
0 0.4625 0.34765625 0.03046875 0.0546875
0 0.1609375 0.4078125 0.0328125 0.0546875