0 0.0890625 0.77890625 0.07265625 0.12578125
0 0.16328125 0.7296875 0.04375 0.0765625
0 0.2109375 0.671875 0.07265625 0.10390625
0 0.234375 0.628125 0.04375 0.0875
0 0.34765625 0.58203125 0.090625 0.13125
0 0.25234375 0.77578125 0.06171875 0.08203125
0 0.28359375 0.73515625 0.03984375 0.0546875
0 0.590625 0.39921875 0.1421875 0.196875
0 0.73125 0.3171875 0.08359375 0.11484375
0 0.89453125 0.31171875 0.06875 0.1421875
0 0.97421875 0.58203125 0.0328125 0.0765625
0 0.91796875 0.5734375 0.0546875 0.065625