0 0.2578125 0.60859375 0.05625 0.1
0 0.11875 0.77734375 0.084375 0.08359375
0 0.490625 0.83125 0.078125 0.0875
0 0.5859375 0.85859375 0.0625 0.08359375
0 0.6765625 0.73125 0.04375 0.09140625
0 0.784375 0.73125 0.071875 0.08359375
0 0.8609375 0.75625 0.04375 0.06640625
0 0.6296875 0.65625 0.065625 0.07109375
0 0.3828125 0.48515625 0.046875 0.0625
0 0.7828125 0.35 0.046875 0.06640625
0 0.821875 0.42734375 0.05 0.05859375
0 0.9078125 0.40859375 0.053125 0.05390625
0 0.5453125 0.33984375 0.046875 0.04609375
0 0.371875 0.30859375 0.05 0.05390625
0 0.121875 0.39375 0.05625 0.05390625
0 0.0484375 0.60859375 0.05 0.05390625
0 0.1828125 0.58359375 0.034375 0.05859375
0 0.03125 0.79765625 0.0625 0.07890625
0 0.5796875 0.76640625 0.059375 0.07890625
0 0.565625 0.94765625 0.065625 0.1
0 0.659375 0.95390625 0.08125 0.0875
0 0.8875 0.9 0.1 0.1125
0 0.7203125 0.51640625 0.04375 0.06640625
0 0.4375 0.29609375 0.046875 0.05
0 0.2234375 0.41640625 0.040625 0.05859375
0 0.325 0.44140625 0.04375 0.0625