0 0.2 0.73671875 0.246875 0.3234375
0 0.9015625 0.8375 0.1921875 0.3015625
0 0.0859375 0.29765625 0.140625 0.16875
0 0.73125 0.67734375 0.225 0.321875
0 0.32890625 0.42109375 0.184375 0.2640625
0 0.0171875 0.4125 0.034375 0.13125
0 0.58046875 0.396875 0.05625 0.059375
0 0.77109375 0.38125 0.0390625 0.053125
0 0.93359375 0.6703125 0.0890625 0.090625
0 0.228125 0.4328125 0.06875 0.1453125
0 0.67109375 0.50625 0.071875 0.0859375
0 0.7171875 0.38359375 0.028125 0.0296875
0 0.1734375 0.43984375 0.040625 0.034375
0 0.58359375 0.45234375 0.0515625 0.0671875
0 0.253125 0.35390625 0.03125 0.0328125
0 0.85703125 0.49375 0.06875 0.071875
0 0.9796875 0.53203125 0.03125 0.0890625
0 0.23671875 0.57109375 0.0515625 0.0328125