0 0.3625 0.7265625 0.09140625 0.13359375
0 0.478125 0.63203125 0.06484375 0.11015625
0 0.590625 0.51328125 0.06875 0.09296875
0 0.64765625 0.46484375 0.05 0.0765625
0 0.52109375 0.51328125 0.0625 0.08671875
0 0.36796875 0.48984375 0.04375 0.06640625
0 0.29140625 0.578125 0.0625 0.08984375
0 0.72421875 0.478125 0.03515625 0.05703125
0 0.6921875 0.4453125 0.0328125 0.05703125
0 0.7625 0.44296875 0.03359375 0.046875
0 0.23203125 0.7734375 0.06875 0.1203125
0 0.13828125 0.88671875 0.12734375 0.16640625
0 0.58125 0.66640625 0.05859375 0.06640625
0 0.09609375 0.66796875 0.09140625 0.1296875
0 0.04765625 0.54296875 0.06640625 0.10703125
0 0.15703125 0.53359375 0.07734375 0.11328125
0 0.23671875 0.471875 0.03984375 0.05703125
0 0.271875 0.43828125 0.03125 0.05
0 0.36640625 0.4 0.03359375 0.046875
0 0.39609375 0.64296875 0.05078125 0.08515625
0 0.359375 0.59296875 0.0421875 0.06875
0 0.61171875 0.4421875 0.02734375 0.05390625