0 0.27578125 0.88984375 0.065625 0.1171875
0 0.6640625 0.85859375 0.084375 0.1515625
0 0.765625 0.8828125 0.08203125 0.1203125
0 0.840625 0.734375 0.06796875 0.0828125
0 0.921875 0.68984375 0.06171875 0.0828125
0 0.62265625 0.66171875 0.06015625 0.1
0 0.68671875 0.65 0.05390625 0.08984375
0 0.81328125 0.5796875 0.0421875 0.0796875
0 0.86796875 0.55703125 0.0421875 0.07578125
0 0.31484375 0.765625 0.04765625 0.1171875
0 0.43203125 0.9359375 0.06171875 0.12734375
0 0.584375 0.88828125 0.065625 0.1140625
0 0.5453125 0.80859375 0.071875 0.1171875
0 0.5546875 0.715625 0.0796875 0.10703125
0 0.5 0.64296875 0.04765625 0.0796875
0 0.49765625 0.40703125 0.06015625 0.065625
0 0.36875 0.9171875 0.06796875 0.1203125
0 0.2046875 0.896875 0.09375 0.12421875
0 0.1 0.89140625 0.0421875 0.103125
0 0.04609375 0.9484375 0.0921875 0.09296875
0 0.11875 0.74453125 0.07421875 0.134375
0 0.43984375 0.4296875 0.04375 0.096875
0 0.21875 0.6484375 0.06171875 0.07578125
0 0.31484375 0.63828125 0.0703125 0.08984375
0 0.4109375 0.6171875 0.05625 0.096875
0 0.6421875 0.4703125 0.05625 0.08984375
0 0.71015625 0.3828125 0.0421875 0.06875
0 0.86796875 0.33125 0.03203125 0.06171875
0 0.825 0.45546875 0.05234375 0.06171875
0 0.17265625 0.46171875 0.0359375 0.07265625
0 0.05078125 0.6203125 0.05390625 0.1140625
0 0.03671875 0.75625 0.0734375 0.10625
0 0.43125 0.77421875 0.071875 0.09296875
0 0.55390625 0.56171875 0.04765625 0.07578125
0 0.740625 0.79453125 0.065625 0.12734375
0 0.92890625 0.9359375 0.0796875 0.12734375
0 0.9578125 0.796875 0.05625 0.1203125
0 0.625 0.353125 0.0421875 0.0515625
0 0.7421875 0.29453125 0.028125 0.0484375
0 0.11328125 0.62578125 0.05234375 0.09296875
0 0.07109375 0.515625 0.05625 0.06875
0 0.065625 0.45 0.05 0.065625
0 0.21015625 0.36875 0.0359375 0.05546875
0 0.22890625 0.43984375 0.0359375 0.0515625
0 0.396875 0.4171875 0.04765625 0.05546875
0 0.7671875 0.59296875 0.05625 0.0859375
0 0.790625 0.69453125 0.0578125 0.103125