0 0.33046875 0.3609375 0.13984375 0.190625
0 0.8046875 0.38984375 0.053125 0.06328125
0 0.92890625 0.41171875 0.0640625 0.0828125
0 0.49296875 0.4609375 0.271875 0.33515625
0 0.11171875 0.48359375 0.1 0.1328125
0 0.7796875 0.4984375 0.03828125 0.08359375
0 0.67890625 0.5203125 0.04609375 0.08359375
0 0.19375 0.43828125 0.08046875 0.1109375
0 0.25234375 0.428125 0.071875 0.12578125
0 0.29609375 0.48828125 0.025 0.040625
0 0.21875 0.509375 0.02890625 0.04296875
0 0.18828125 0.5203125 0.02734375 0.034375
0 0.38359375 0.44140625 0.02265625 0.02734375
0 0.75625 0.37578125 0.0375 0.04375