0 0.31328125 0.45625 0.07578125 0.05859375
0 0.4015625 0.45625 0.08046875 0.07109375
0 0.70703125 0.46875 0.0609375 0.0625
0 0.5046875 0.47734375 0.0859375 0.05390625
0 0.56796875 0.48125 0.0609375 0.0625
0 0.5125 0.53515625 0.084375 0.07109375
0 0.553125 0.29765625 0.12109375 0.1
0 0.71484375 0.34765625 0.05078125 0.05
0 0.37890625 0.40390625 0.08046875 0.05
0 0.4265625 0.24921875 0.05 0.034375
0 0.834375 0.384375 0.03984375 0.0328125
0 0.57109375 0.5296875 0.04765625 0.03515625
0 0.3125 0.39296875 0.05546875 0.05703125