0 0.32109375 0.75625 0.028125 0.0578125
0 0.3609375 0.7546875 0.034375 0.0515625
0 0.39921875 0.76640625 0.028125 0.04140625
0 0.4609375 0.77421875 0.034375 0.03828125
0 0.51484375 0.72265625 0.0296875 0.03828125
0 0.5296875 0.6875 0.028125 0.03828125
0 0.56484375 0.71171875 0.0203125 0.03203125
0 0.60390625 0.71171875 0.02421875 0.03828125
0 0.478125 0.65546875 0.034375 0.0515625
0 0.425 0.6953125 0.03203125 0.04140625
0 0.465625 0.72578125 0.028125 0.03203125
0 0.3671875 0.6890625 0.0203125 0.0484375
0 0.34921875 0.65234375 0.028125 0.04140625
0 0.38671875 0.65703125 0.0296875 0.04140625
0 0.746875 0.70546875 0.01796875 0.04140625
0 0.73984375 0.70859375 0.0078125 0.00625
0 0.78828125 0.72265625 0.0296875 0.04453125
0 0.76015625 0.6796875 0.02578125 0.04453125
0 0.68671875 0.6984375 0.03203125 0.0484375
0 0.64375 0.71953125 0.02421875 0.04140625
0 0.61015625 0.64296875 0.02578125 0.0546875
0 0.66015625 0.65234375 0.01796875 0.03515625
0 0.684375 0.59453125 0.0296875 0.03828125
0 0.621875 0.58359375 0.01796875 0.03203125
0 0.590625 0.59453125 0.028125 0.04140625
0 0.55390625 0.64140625 0.02421875 0.04140625
0 0.57734375 0.6390625 0.02421875 0.04140625
0 0.48515625 0.5578125 0.02421875 0.02890625
0 0.4390625 0.59296875 0.028125 0.03515625
0 0.44765625 0.65390625 0.028125 0.0515625
0 0.39609375 0.60390625 0.0296875 0.03828125
0 0.39609375 0.52578125 0.01796875 0.02578125
0 0.31875 0.6234375 0.028125 0.04140625
0 0.29375 0.60546875 0.02578125 0.04140625
0 0.253125 0.625 0.021875 0.03203125
0 0.28828125 0.69375 0.03203125 0.04453125
0 0.209375 0.71015625 0.028125 0.04140625
0 0.2109375 0.65546875 0.0296875 0.0515625
0 0.1921875 0.58984375 0.0203125 0.03515625
0 0.215625 0.58828125 0.01796875 0.02578125
0 0.328125 0.52109375 0.021875 0.02578125
0 0.27265625 0.559375 0.02578125 0.02265625
0 0.49296875 0.5046875 0.015625 0.01953125
0 0.4578125 0.53203125 0.0203125 0.02578125
0 0.421875 0.559375 0.0140625 0.02265625
0 0.359375 0.58984375 0.0203125 0.03515625
0 0.6109375 0.53671875 0.021875 0.02890625
0 0.70390625 0.5546875 0.0203125 0.02578125
0 0.78984375 0.61875 0.02421875 0.04140625
0 0.73984375 0.59453125 0.034375 0.0484375
0 0.73671875 0.52578125 0.0203125 0.03203125
0 0.77109375 0.46796875 0.01796875 0.02578125
0 0.5359375 0.5546875 0.02421875 0.02890625
0 0.66875 0.53515625 0.0203125 0.02890625
0 0.62890625 0.4875 0.01796875 0.02265625
0 0.51484375 0.48359375 0.015625 0.02265625
0 0.37890625 0.48046875 0.015625 0.02265625
0 0.26875 0.52265625 0.01796875 0.02265625
0 0.62734375 0.8046875 0.02421875 0.04453125
0 0.42578125 0.77734375 0.02421875 0.02890625
0 0.51015625 0.60234375 0.0203125 0.03828125
0 0.56015625 0.496875 0.01796875 0.02890625
0 0.44921875 0.4890625 0.01796875 0.03203125
0 0.659375 0.58828125 0.0203125 0.03828125
0 0.23671875 0.5078125 0.021875 0.02265625
0 0.81640625 0.684375 0.03515625 0.05390625
0 0.93984375 0.71796875 0.0359375 0.05390625
0 0.934375 0.6625 0.03203125 0.05703125
0 0.9703125 0.615625 0.03125 0.05
0 0.8375 0.590625 0.03125 0.04765625