0 0.24765625 0.7921875 0.3109375 0.2359375
0 0.06171875 0.634375 0.1234375 0.1109375
0 0.75703125 0.42734375 0.3640625 0.1953125
0 0.0984375 0.51171875 0.196875 0.1421875
0 0.38359375 0.478125 0.078125 0.040625
0 0.23046875 0.56015625 0.26875 0.1625
0 0.475 0.48046875 0.0453125 0.028125
0 0.32578125 0.46015625 0.0359375 0.0171875
0 0.3046875 0.4703125 0.053125 0.028125
0 0.615625 0.459375 0.1796875 0.1484375
0 0.46484375 0.5 0.021875 0.0109375
0 0.33203125 0.471875 0.034375 0.0203125
0 0.24921875 0.4765625 0.08125 0.03125
0 0.23984375 0.4640625 0.0328125 0.0109375
0 0.2703125 0.4625 0.0265625 0.0125
0 0.21171875 0.47578125 0.028125 0.0171875