0 0.2421875 0.79609375 0.065625 0.11640625
0 0.0171875 0.57265625 0.028125 0.0625
0 0.053125 0.60234375 0.05625 0.075
0 0.065625 0.45234375 0.053125 0.08359375
0 0.021875 0.525 0.0375 0.07109375
0 0.1046875 0.55 0.05 0.09140625
0 0.1796875 0.46875 0.03125 0.0375
0 0.1953125 0.425 0.04375 0.0625
0 0.196875 0.53359375 0.04375 0.08359375
0 0.1390625 0.55 0.034375 0.075
0 0.171875 0.61015625 0.053125 0.07890625
0 0.2265625 0.63359375 0.03125 0.06640625
0 0.2390625 0.5375 0.034375 0.07890625
0 0.034375 0.3625 0.046875 0.05390625
0 0.0109375 0.31640625 0.01875 0.03359375
0 0.1015625 0.45625 0.021875 0.05390625
0 0.15 0.35234375 0.034375 0.05859375
0 0.1921875 0.32734375 0.034375 0.04609375
0 0.2015625 0.34609375 0.025 0.02890625
0 0.2328125 0.3375 0.04375 0.05859375
0 0.2515625 0.37265625 0.040625 0.05859375
0 0.2390625 0.45 0.05 0.0625
0 0.0140625 0.25234375 0.025 0.0375
0 0.109375 0.27734375 0.03125 0.0375
0 0.046875 0.23125 0.025 0.03359375
0 0.0140625 0.17109375 0.01875 0.025
0 0.0109375 0.12734375 0.015625 0.025
0 0.04375 0.13125 0.01875 0.02890625
0 0.059375 0.13359375 0.01875 0.02890625
0 0.10625 0.12734375 0.01875 0.02890625
0 0.0859375 0.15234375 0.021875 0.02890625
0 0.1296875 0.12265625 0.015625 0.025
0 0.0859375 0.19140625 0.01875 0.025
0 0.0625 0.21484375 0.01875 0.025
0 0.090625 0.23515625 0.025 0.02890625
0 0.140625 0.20625 0.01875 0.02890625
0 0.11875 0.21484375 0.01875 0.02890625
0 0.2015625 0.18984375 0.01875 0.02890625
0 0.1671875 0.17734375 0.0125 0.02890625
0 0.15 0.15625 0.015625 0.025
0 0.259375 0.13984375 0.01875 0.02890625
0 0.278125 0.24375 0.028125 0.03359375
0 0.1953125 0.08515625 0.01875 0.03359375
0 0.4046875 0.11875 0.021875 0.03359375
0 0.315625 0.2 0.028125 0.03359375
0 0.38125 0.18125 0.01875 0.02109375
0 0.3015625 0.25390625 0.025 0.04609375
0 0.290625 0.31640625 0.034375 0.04609375
0 0.33125 0.29765625 0.025 0.04140625
0 0.359375 0.2625 0.025 0.03359375
0 0.4 0.30625 0.0375 0.05390625
0 0.3109375 0.37265625 0.04375 0.06640625
0 0.3640625 0.34375 0.025 0.05390625
0 0.4375 0.30859375 0.03125 0.04140625
0 0.43125 0.26484375 0.021875 0.02890625
0 0.3046875 0.44765625 0.05 0.06640625
0 0.3 0.5125 0.071875 0.0875
0 0.45625 0.44765625 0.05625 0.06640625
0 0.43125 0.51640625 0.053125 0.05
0 0.4046875 0.56015625 0.05 0.075
0 0.4421875 0.60234375 0.0625 0.09609375
0 0.4671875 0.37734375 0.0375 0.05390625
0 0.4828125 0.31875 0.021875 0.02890625
0 0.5109375 0.60625 0.03125 0.06640625
0 0.590625 0.55390625 0.03125 0.0875
0 0.6296875 0.57890625 0.0625 0.10390625
0 0.65625 0.61015625 0.04375 0.05
0 0.6671875 0.66484375 0.05625 0.07890625
0 0.5234375 0.42890625 0.04375 0.0625
0 0.5875 0.42265625 0.034375 0.06640625
0 0.5703125 0.38359375 0.028125 0.0375
0 0.6390625 0.425 0.0375 0.07109375
0 0.696875 0.44765625 0.04375 0.075
0 0.665625 0.37734375 0.025 0.04609375
0 0.5546875 0.32890625 0.034375 0.05
0 0.525 0.34375 0.021875 0.03359375
0 0.496875 0.34140625 0.028125 0.0375
0 0.615625 0.325 0.021875 0.04609375
0 0.60625 0.15859375 0.03125 0.0375
0 0.553125 0.26875 0.034375 0.04140625
0 0.6 0.27890625 0.021875 0.02890625
0 0.68125 0.175 0.01875 0.0375
0 0.634375 0.19609375 0.021875 0.03359375
0 0.7296875 0.66015625 0.059375 0.08359375
0 0.74375 0.5875 0.065625 0.0875
0 0.840625 0.52890625 0.0625 0.09609375
0 0.9515625 0.52265625 0.04375 0.09140625
0 0.896875 0.56640625 0.05625 0.05859375
0 0.953125 0.43359375 0.05625 0.07890625
0 0.878125 0.51015625 0.034375 0.08359375
0 0.81875 0.47109375 0.0375 0.05
0 0.75 0.44609375 0.0375 0.06640625
0 0.86875 0.38984375 0.0375 0.05859375
0 0.765625 0.4 0.034375 0.05
0 0.884375 0.30859375 0.034375 0.04609375
0 0.721875 0.29765625 0.03125 0.0375
0 0.7546875 0.2625 0.025 0.0375
0 0.9046875 0.25234375 0.028125 0.05
0 0.9703125 0.24765625 0.034375 0.04609375
0 0.934375 0.18984375 0.025 0.05390625
0 0.984375 0.1875 0.028125 0.05
0 0.8421875 0.12109375 0.021875 0.0375
0 0.7921875 0.325 0.0375 0.05390625
0 0.94375 0.28984375 0.025 0.03359375
0 0.4390625 0.38984375 0.040625 0.05390625
0 0.425 0.21640625 0.015625 0.02890625
0 0.4125 0.18359375 0.01875 0.02890625
0 0.6171875 0.22734375 0.01875 0.03359375
0 0.6296875 0.3125 0.028125 0.0375
0 0.6859375 0.2875 0.021875 0.0375
0 0.8546875 0.21640625 0.025 0.04609375