0 0.0328125 0.23984375 0.065625 0.10859375
0 0.103125 0.19140625 0.05 0.0625
0 0.165625 0.21640625 0.078125 0.1
0 0.196875 0.275 0.06875 0.09140625
0 0.2609375 0.18515625 0.05 0.08359375
0 0.28125 0.08515625 0.0375 0.07890625
0 0.3296875 0.15 0.034375 0.07109375
0 0.296875 0.26875 0.078125 0.10859375
0 0.10625 0.35625 0.075 0.1
0 0.1796875 0.39765625 0.078125 0.10859375
0 0.2875 0.4 0.0875 0.12109375
0 0.01875 0.55 0.0375 0.125
0 0.10625 0.525 0.096875 0.1375
0 0.1625 0.54140625 0.078125 0.15390625
0 0.2765625 0.49765625 0.103125 0.1375
0 0.071875 0.65625 0.0875 0.12890625
0 0.1484375 0.69609375 0.075 0.125
0 0.28125 0.6375 0.0625 0.09140625
0 0.078125 0.42734375 0.05 0.07890625
0 0.25 0.06640625 0.0375 0.06640625
0 0.1609375 0.11015625 0.04375 0.06640625
0 0.3765625 0.1 0.040625 0.0625
0 0.4421875 0.17265625 0.0625 0.08359375
0 0.5015625 0.17265625 0.05625 0.075
0 0.5765625 0.19609375 0.040625 0.06640625
0 0.38125 0.22265625 0.05625 0.075
0 0.55 0.28359375 0.065625 0.09140625
0 0.5296875 0.39140625 0.075 0.09140625
0 0.4640625 0.40625 0.05 0.10859375
0 0.5078125 0.64375 0.103125 0.17890625
0 0.440625 0.57734375 0.0875 0.14140625
0 0.4828125 0.50859375 0.090625 0.0875
0 0.621875 0.65390625 0.05 0.1
0 0.640625 0.36015625 0.08125 0.10390625
0 0.5046875 0.29609375 0.065625 0.08359375
0 0.490625 0.10234375 0.040625 0.05390625
0 0.6984375 0.1 0.040625 0.06640625
0 0.684375 0.20859375 0.059375 0.0875
0 0.7515625 0.575 0.053125 0.15859375
0 0.8109375 0.6125 0.1125 0.175
0 0.8703125 0.75 0.1 0.1375
0 0.9640625 0.74609375 0.06875 0.15
0 0.975 0.61015625 0.05 0.125
0 0.9234375 0.40390625 0.075 0.1375
0 0.828125 0.35859375 0.065625 0.12890625
0 0.74375 0.35 0.071875 0.12109375
0 0.878125 0.28125 0.053125 0.08359375
0 0.790625 0.19609375 0.04375 0.08359375
0 0.9671875 0.15 0.053125 0.08359375
0 0.909375 0.13125 0.034375 0.05
0 0.1796875 0.9328125 0.109375 0.134375