0 0.15 0.39296875 0.11015625 0.1640625
0 0.6046875 0.04453125 0.03828125 0.07109375
0 0.42890625 0.04765625 0.0421875 0.05703125
0 0.9625 0.46171875 0.075 0.3015625
0 0.89609375 0.471875 0.0796875 0.20625
0 0.3296875 0.56796875 0.13984375 0.18828125
0 0.62421875 0.59765625 0.14765625 0.22421875
0 0.328125 0.75078125 0.1640625 0.309375
0 0.04609375 0.0875 0.065625 0.12421875
0 0.8578125 0.9375 0.15625 0.12421875
0 0.9796875 0.1265625 0.028125 0.0640625
0 0.52109375 0.14375 0.05625 0.103125
0 0.203125 0.14609375 0.03828125 0.05703125
0 0.29765625 0.1921875 0.0859375 0.12421875
0 0.58515625 0.2046875 0.04375 0.06796875
0 0.0453125 0.2203125 0.065625 0.1140625
0 0.12890625 0.2421875 0.08828125 0.14609375
0 0.7828125 0.2703125 0.08984375 0.153125
0 0.4171875 0.27578125 0.07578125 0.13203125
0 0.3453125 0.03046875 0.03203125 0.04609375
0 0.26484375 0.30234375 0.07421875 0.10703125
0 0.5546875 0.32734375 0.08984375 0.1640625
0 0.334375 0.33984375 0.0859375 0.14921875
0 0.6453125 0.3484375 0.09609375 0.20625