0 0.02265625 0.5734375 0.0203125 0.0359375
0 0.03828125 0.6203125 0.02578125 0.0421875
0 0.071875 0.628125 0.015625 0.0359375
0 0.071875 0.5796875 0.02421875 0.0328125
0 0.12890625 0.55234375 0.0140625 0.01796875
0 0.13984375 0.73359375 0.021875 0.07265625
0 0.1203125 0.621875 0.01796875 0.0359375
0 0.1546875 0.628125 0.0140625 0.0328125
0 0.1796875 0.63515625 0.015625 0.0390625
0 0.07734375 0.72890625 0.01796875 0.0359375
0 0.0140625 0.675 0.02421875 0.0390625
0 0.225 0.7421875 0.021875 0.0484375
0 0.2 0.76015625 0.015625 0.0515625
0 0.58125 0.75 0.021875 0.0515625
0 0.46484375 0.7453125 0.0296875 0.0421875
0 0.6140625 0.64609375 0.02578125 0.0421875
0 0.628125 0.5375 0.015625 0.02734375
0 0.68984375 0.7421875 0.021875 0.0453125
0 0.7390625 0.81328125 0.01796875 0.0390625
0 0.5140625 0.63984375 0.015625 0.0328125
0 0.52890625 0.60078125 0.01796875 0.0328125
0 0.3328125 0.546875 0.01796875 0.0328125
0 0.42421875 0.5875 0.02421875 0.0328125
0 0.16875 0.5484375 0.0203125 0.02109375
0 0.19296875 0.575 0.0140625 0.01796875
0 0.290625 0.5890625 0.015625 0.02734375
0 0.240625 0.68984375 0.0140625 0.02734375
0 0.29609375 0.6578125 0.01796875 0.03046875
0 0.3296875 0.61015625 0.01171875 0.02734375
0 0.27265625 0.76171875 0.0203125 0.0453125
0 0.31328125 0.78125 0.028125 0.0453125
0 0.22265625 0.51640625 0.015625 0.02109375
0 0.24921875 0.5328125 0.0140625 0.02421875
0 0.30703125 0.5359375 0.01796875 0.02421875
0 0.20703125 0.59765625 0.0203125 0.0359375
0 0.83125 0.5734375 0.02421875 0.02421875
0 0.7890625 0.5859375 0.0203125 0.0421875
0 0.80078125 0.5359375 0.015625 0.02734375
0 0.96796875 0.51484375 0.01796875 0.02421875
0 0.8390625 0.5484375 0.015625 0.02734375
0 0.7640625 0.5046875 0.01171875 0.02734375
0 0.890625 0.51640625 0.01171875 0.02109375
0 0.4828125 0.58125 0.015625 0.02421875
0 0.50390625 0.56953125 0.01171875 0.02109375
0 0.4453125 0.55 0.01015625 0.02421875
0 0.43125 0.5328125 0.01171875 0.02421875
0 0.50078125 0.5390625 0.01015625 0.02421875
0 0.54296875 0.48828125 0.0140625 0.01484375
0 0.46875 0.51953125 0.015625 0.02421875
0 0.6046875 0.52734375 0.01796875 0.02734375
0 0.4421875 0.64453125 0.015625 0.0328125
0 0.69921875 0.46875 0.0140625 0.01796875