0 0.21953125 0.09765625 0.1328125 0.08359375
0 0.22890625 0.1875 0.1625 0.0875
0 0.09609375 0.36640625 0.15625 0.14609375
0 0.47578125 0.32265625 0.2171875 0.15
0 0.7921875 0.3625 0.13828125 0.10859375
0 0.24375 0.5625 0.23515625 0.175
0 0.64140625 0.72265625 0.246875 0.1625
0 0.43984375 0.52734375 0.16875 0.12890625
0 0.671875 0.17734375 0.10234375 0.0875
0 0.825 0.19609375 0.09609375 0.06640625
0 0.503125 0.19765625 0.1265625 0.07109375
0 0.15078125 0.25859375 0.10859375 0.09609375
0 0.50625 0.68125 0.15078125 0.1125