0 0.97890625 0.3015625 0.0421875 0.08125
0 0.25078125 0.3046875 0.0421875 0.05703125
0 0.71484375 0.30625 0.03828125 0.0484375
0 0.15078125 0.3109375 0.05 0.06015625
0 0.63984375 0.315625 0.0421875 0.075
0 0.83984375 0.32734375 0.06171875 0.08984375
0 0.4359375 0.346875 0.0640625 0.08984375
0 0.31328125 0.3484375 0.05234375 0.06328125
0 0.725 0.353125 0.05234375 0.05703125
0 0.959375 0.38828125 0.06484375 0.09375
0 0.16640625 0.38828125 0.059375 0.096875
0 0.67578125 0.39453125 0.0421875 0.075
0 0.5296875 0.39765625 0.05234375 0.1109375
0 0.5984375 0.4140625 0.0578125 0.08828125
0 0.7453125 0.4171875 0.0578125 0.075
0 0.31484375 0.42890625 0.07421875 0.11328125
0 0.23125 0.4296875 0.065625 0.10546875
0 0.01875 0.44375 0.0375 0.103125
0 0.88125 0.44609375 0.06015625 0.08671875
0 0.8 0.45625 0.05 0.08125
0 0.56484375 0.4609375 0.05234375 0.06875
0 0.10078125 0.4625 0.05625 0.08984375
0 0.15234375 0.48984375 0.05 0.09296875
0 0.4390625 0.490625 0.0578125 0.10234375
0 0.20703125 0.509375 0.06015625 0.08984375
0 0.67265625 0.51953125 0.0421875 0.08984375
0 0.94765625 0.52109375 0.04765625 0.08125
0 0.765625 0.52734375 0.07578125 0.08984375
0 0.62421875 0.5375 0.06171875 0.09921875
0 0.8515625 0.54296875 0.059375 0.0921875
0 0.515625 0.584375 0.09609375 0.146875
0 0.1140625 0.59296875 0.06171875 0.09921875
0 0.39375 0.6078125 0.0796875 0.11484375
0 0.30625 0.6109375 0.08828125 0.15
0 0.77890625 0.6125 0.065625 0.12578125
0 0.05078125 0.6140625 0.07578125 0.153125
0 0.88828125 0.66328125 0.084375 0.1109375
0 0.37734375 0.71875 0.08515625 0.21796875
0 0.63515625 0.7078125 0.140625 0.2
0 0.103125 0.728125 0.09375 0.15
0 0.83203125 0.78515625 0.13359375 0.14375
0 0.446875 0.7609375 0.08828125 0.19296875
0 0.9546875 0.76328125 0.08671875 0.13046875
0 0.7078125 0.9 0.16328125 0.18984375
0 0.21484375 0.90859375 0.1359375 0.1828125
0 0.95703125 0.915625 0.0859375 0.16796875
0 0.503125 0.2265625 0.03984375 0.06640625
0 0.46875 0.24296875 0.0359375 0.05078125
0 0.94296875 0.26953125 0.03984375 0.05546875
0 0.875 0.2765625 0.03828125 0.05078125
0 0.43671875 0.28046875 0.04609375 0.05703125
0 0.09375 0.28671875 0.0359375 0.06328125
0 0.9140625 0.29296875 0.034375 0.05390625
0 0.3703125 0.29453125 0.05390625 0.08671875
0 0.82421875 0.6796875 0.075 0.07734375
0 0.97734375 0.6578125 0.0453125 0.0953125
0 0.96484375 0.60078125 0.06640625 0.08515625
0 0.93984375 0.3171875 0.04296875 0.04375
0 0.92265625 0.35234375 0.03515625 0.0515625
0 0.91484375 0.39296875 0.03828125 0.0578125
0 0.496875 0.93671875 0.04609375 0.1203125
0 0.228125 0.5765625 0.078125 0.13125
0 0.19375 0.71796875 0.04765625 0.1671875
0 0.253125 0.69453125 0.07265625 0.0953125
0 0.3953125 0.565625 0.08671875 0.059375
0 0.7171875 0.46171875 0.03984375 0.0609375
0 0.81953125 0.37421875 0.0375 0.0546875
0 0.79765625 0.35234375 0.03125 0.0546875
0 0.840625 0.47421875 0.03046875 0.0390625
0 0.67890625 0.26796875 0.02734375 0.0453125
0 0.70859375 0.2453125 0.03359375 0.046875
0 0.76796875 0.28125 0.03828125 0.075
0 0.05078125 0.40625 0.028125 0.06875
0 0.009375 0.29609375 0.01640625 0.0453125
0 0.015625 0.3421875 0.02734375 0.053125
0 0.03359375 0.30390625 0.02109375 0.0421875
0 0.25703125 0.38125 0.03984375 0.059375
0 0.32890625 0.28671875 0.02734375 0.0421875
0 0.303125 0.24765625 0.02578125 0.0421875
0 0.478125 0.36640625 0.02265625 0.0578125
0 0.4921875 0.3375 0.028125 0.05
0 0.52578125 0.265625 0.03125 0.04609375
0 0.55546875 0.34296875 0.03125 0.034375
0 0.5734375 0.375 0.0296875 0.05078125
0 0.66328125 0.36796875 0.03515625 0.02734375
0 0.58984375 0.59765625 0.05390625 0.08515625
0 0.06796875 0.225 0.025 0.04609375
0 0.03515625 0.209375 0.0328125 0.053125
0 0.02890625 0.153125 0.0203125 0.03203125
0 0.1140625 0.178125 0.02265625 0.04296875
0 0.08671875 0.17265625 0.02578125 0.0484375
0 0.0578125 0.16640625 0.01875 0.0359375
0 0.009375 0.22890625 0.01875 0.0375
0 0.17578125 0.215625 0.0265625 0.04765625
0 0.1046875 0.13203125 0.01875 0.02890625
0 0.0109375 0.13515625 0.021875 0.0421875
0 0.1375 0.2 0.0203125 0.0375
0 0.23671875 0.2515625 0.03046875 0.0484375
0 0.26953125 0.2703125 0.03203125 0.05390625
0 0.29765625 0.20625 0.0265625 0.03359375
0 0.3234375 0.20390625 0.028125 0.040625
0 0.39453125 0.23203125 0.0390625 0.0515625
0 0.34296875 0.17890625 0.02578125 0.034375
0 0.33671875 0.146875 0.01640625 0.028125
0 0.4046875 0.18671875 0.02734375 0.0375
0 0.4796875 0.17265625 0.025 0.0359375
0 0.50234375 0.18203125 0.0140625 0.0203125
0 0.51796875 0.19609375 0.01328125 0.02578125
0 0.54296875 0.19921875 0.02109375 0.0359375
0 0.578125 0.24921875 0.04140625 0.0546875
0 0.61796875 0.2984375 0.02265625 0.02890625
0 0.61953125 0.1796875 0.02578125 0.0359375
0 0.6765625 0.2265625 0.02265625 0.03359375
0 0.73203125 0.21015625 0.0265625 0.040625
0 0.81796875 0.234375 0.028125 0.03984375
0 0.86015625 0.20625 0.025 0.04609375
0 0.8921875 0.2 0.034375 0.04453125
0 0.92578125 0.18359375 0.021875 0.03984375
0 0.93828125 0.14765625 0.02265625 0.02578125
0 0.978125 0.240625 0.0328125 0.0359375
0 0.19921875 0.1828125 0.0296875 0.04921875
0 0.2484375 0.20546875 0.025 0.03515625
0 0.26640625 0.16171875 0.02734375 0.03125
0 0.275 0.10703125 0.02265625 0.03984375
0 0.30703125 0.13359375 0.02109375 0.03125
0 0.709375 0.190625 0.03046875 0.05
0 0.69140625 0.13203125 0.0234375 0.0359375
0 0.684375 0.17578125 0.02109375 0.03125
0 0.38671875 0.146875 0.0265625 0.04140625
0 0.4515625 0.16875 0.0234375 0.034375
0 0.215625 0.2046875 0.0234375 0.0359375