0 0.08671875 0.59609375 0.07421875 0.13203125
0 0.08203125 0.4921875 0.071875 0.1078125
0 0.30390625 0.71015625 0.12578125 0.13515625
0 0.67890625 0.78046875 0.20234375 0.3
0 0.31171875 0.878125 0.1140625 0.24296875
0 0.4078125 0.9234375 0.14609375 0.153125
0 0.6 0.51640625 0.07421875 0.1203125
0 0.8390625 0.60546875 0.09609375 0.12890625
0 0.94375 0.35 0.0859375 0.12578125
0 0.84609375 0.33671875 0.08828125 0.09921875
0 0.6328125 0.36015625 0.07421875 0.1203125
0 0.55 0.36484375 0.05234375 0.075
0 0.17734375 0.6578125 0.09375 0.12578125
0 0.384375 0.7640625 0.11015625 0.15
0 0.6921875 0.41328125 0.07421875 0.1109375
0 0.32578125 0.5703125 0.0859375 0.14140625
0 0.284375 0.52421875 0.0859375 0.1109375
0 0.36171875 0.29609375 0.04375 0.08125
0 0.43515625 0.47265625 0.07421875 0.1109375
0 0.16484375 0.4671875 0.05390625 0.078125
0 0.77109375 0.421875 0.05390625 0.1109375
0 0.29375 0.3515625 0.0421875 0.08125
0 0.22578125 0.353125 0.04609375 0.06328125
0 0.50703125 0.415625 0.0640625 0.09609375
0 0.47578125 0.315625 0.04609375 0.06640625
0 0.37109375 0.43671875 0.0578125 0.08671875
0 0.7890625 0.48671875 0.0921875 0.1625
0 0.21015625 0.48359375 0.06171875 0.084375
0 0.3296875 0.41328125 0.0578125 0.09609375
0 0.2203125 0.809375 0.09609375 0.12578125
0 0.159375 0.9546875 0.1296875 0.08984375
0 0.03515625 0.93828125 0.0703125 0.1234375
0 0.2609375 0.28515625 0.05234375 0.06875
0 0.62890625 0.2609375 0.05 0.09296875
0 0.77265625 0.28046875 0.065625 0.09609375
0 0.1328125 0.759375 0.07421875 0.075
0 0.0171875 0.35859375 0.034375 0.06640625
0 0.18125 0.32109375 0.04609375 0.05703125