0 0.43203125 0.303125 0.10625 0.15
0 0.18203125 0.3421875 0.1625 0.21484375
0 0.9609375 0.4078125 0.07578125 0.15
0 0.7734375 0.40234375 0.321875 0.5140625
0 0.434375 0.4953125 0.24765625 0.32265625
0 0.28984375 0.4890625 0.13125 0.1984375
0 0.1671875 0.73984375 0.33046875 0.5203125
0 0.5296875 0.77421875 0.38828125 0.4515625
0 0.47734375 0.13828125 0.06015625 0.078125
0 0.334375 0.17421875 0.04609375 0.06328125
0 0.02734375 0.20703125 0.05234375 0.06875
0 0.93359375 0.22578125 0.08515625 0.14921875
0 0.56953125 0.290625 0.17265625 0.1671875
0 0.96328125 0.32890625 0.06953125 0.05625
0 0.1453125 0.80234375 0.28359375 0.3953125
0 0.04765625 0.453125 0.06953125 0.13828125
0 0.0546875 0.39296875 0.053125 0.07265625
0 0.22578125 0.23125 0.065625 0.053125
0 0.67421875 0.17734375 0.04921875 0.07890625
0 0.35 0.2453125 0.0546875 0.071875
0 0.5140625 0.21796875 0.0515625 0.059375
0 0.6765625 0.68984375 0.14609375 0.259375
0 0.3375 0.3546875 0.06953125 0.08984375
0 0.02578125 0.30859375 0.0515625 0.0546875
0 0.09375 0.35625 0.0453125 0.059375
0 0.9765625 0.5859375 0.046875 0.159375