0 0.978125 0.3 0.04375 0.084375
0 0.25078125 0.30390625 0.0421875 0.05546875
0 0.715625 0.30703125 0.0375 0.04921875
0 0.15078125 0.31015625 0.04921875 0.06015625
0 0.63984375 0.315625 0.04140625 0.07421875
0 0.83984375 0.32734375 0.0625 0.08984375
0 0.4359375 0.346875 0.06484375 0.0890625
0 0.31328125 0.34765625 0.05234375 0.0625
0 0.72578125 0.353125 0.05234375 0.0578125
0 0.9609375 0.3828125 0.06171875 0.08515625
0 0.165625 0.3953125 0.0578125 0.08515625
0 0.67578125 0.3953125 0.0421875 0.07421875
0 0.53046875 0.39765625 0.0515625 0.11015625
0 0.59609375 0.41015625 0.06484375 0.0984375
0 0.7453125 0.4171875 0.05859375 0.07421875
0 0.31484375 0.4234375 0.07421875 0.1015625
0 0.23046875 0.42890625 0.065625 0.10625
0 0.01796875 0.44140625 0.0359375 0.10234375
0 0.88125 0.44609375 0.059375 0.0875
0 0.8 0.45703125 0.05 0.08046875
0 0.56484375 0.4609375 0.0515625 0.06953125
0 0.10078125 0.4625 0.05625 0.09140625
0 0.1515625 0.4890625 0.04921875 0.09375
0 0.4390625 0.49140625 0.05859375 0.10078125
0 0.20703125 0.50859375 0.059375 0.08828125
0 0.67265625 0.51875 0.04140625 0.08984375
0 0.9484375 0.521875 0.04765625 0.08203125
0 0.76640625 0.52734375 0.0765625 0.090625
0 0.6234375 0.5375 0.0625 0.0984375
0 0.85078125 0.53984375 0.05859375 0.0875
0 0.51640625 0.584375 0.0953125 0.1484375
0 0.11328125 0.5921875 0.0609375 0.1
0 0.40234375 0.59609375 0.0953125 0.1390625
0 0.30625 0.60859375 0.08828125 0.14453125
0 0.77890625 0.61171875 0.06640625 0.1265625
0 0.0515625 0.61328125 0.075 0.15390625
0 0.8875 0.6640625 0.084375 0.11171875
0 0.3734375 0.7234375 0.07578125 0.16484375
0 0.63828125 0.725 0.1234375 0.15703125
0 0.103125 0.728125 0.09375 0.15
0 0.83359375 0.75 0.1296875 0.215625
0 0.45 0.76171875 0.08125 0.18125
0 0.95625 0.7671875 0.08046875 0.1234375
0 0.70859375 0.89296875 0.15703125 0.17734375
0 0.21484375 0.9078125 0.1359375 0.184375
0 0.96171875 0.915625 0.07578125 0.16796875
0 0.503125 0.22734375 0.040625 0.065625
0 0.46875 0.24375 0.03515625 0.05078125
0 0.9421875 0.26875 0.03828125 0.05703125
0 0.875 0.27578125 0.0375 0.05234375
0 0.4375 0.28046875 0.0453125 0.0578125
0 0.09375 0.28671875 0.03671875 0.0640625
0 0.9140625 0.29296875 0.034375 0.053125
0 0.3703125 0.29453125 0.053125 0.08671875