0 0.20625 0.9109375 0.153125 0.178125
0 0.44296875 0.7640625 0.10390625 0.2015625
0 0.39765625 0.6109375 0.084375 0.13203125
0 0.371875 0.74140625 0.078125 0.17421875
0 0.309375 0.609375 0.08984375 0.13515625
0 0.1046875 0.71328125 0.115625 0.14453125
0 0.22421875 0.58984375 0.06015625 0.12578125
0 0.04765625 0.60625 0.07578125 0.13828125
0 0.11484375 0.60390625 0.08984375 0.1171875
0 0.02734375 0.459375 0.05390625 0.1203125
0 0.09765625 0.4671875 0.0640625 0.09296875
0 0.165625 0.40234375 0.06171875 0.1171875
0 0.22890625 0.43828125 0.0796875 0.09296875
0 0.5140625 0.5734375 0.09375 0.14453125
0 0.43671875 0.4984375 0.08203125 0.1140625
0 0.440625 0.3546875 0.06796875 0.09609375
0 0.3171875 0.4328125 0.06796875 0.10546875
0 0.3140625 0.353125 0.06171875 0.09609375
0 0.36875 0.3046875 0.06796875 0.08984375
0 0.24921875 0.3109375 0.04765625 0.078125
0 0.628125 0.5453125 0.0578125 0.10546875
0 0.85 0.5421875 0.06015625 0.09296875
0 0.88125 0.453125 0.071875 0.09296875
0 0.63515625 0.7 0.128125 0.21015625
0 0.7859375 0.62578125 0.0796875 0.12578125
0 0.59765625 0.4171875 0.0578125 0.10546875
0 0.675 0.41171875 0.04609375 0.08125
0 0.71484375 0.3109375 0.0421875 0.075
0 0.84375 0.33359375 0.0578125 0.09609375
0 0.74296875 0.425 0.0578125 0.10546875
0 0.5328125 0.40546875 0.05 0.13203125
0 0.58125 0.25234375 0.04609375 0.06328125
0 0.6421875 0.31796875 0.04375 0.08125
0 0.14921875 0.309375 0.05234375 0.08125
0 0.9640625 0.3890625 0.0703125 0.1140625
0 0.8828125 0.66484375 0.08828125 0.1140625
0 0.83203125 0.79453125 0.15625 0.16796875
0 0.034375 0.20859375 0.04765625 0.071875
0 0.090625 0.29609375 0.03984375 0.05703125
0 0.49921875 0.2234375 0.0359375 0.06875
0 0.590625 0.184375 0.02578125 0.0453125
0 0.478125 0.17109375 0.0296875 0.0453125
0 0.73203125 0.21796875 0.03828125 0.06328125
0 0.48671875 0.340625 0.0359375 0.05390625
0 0.3890625 0.2234375 0.04609375 0.0453125
0 0.31875 0.2 0.02421875 0.0484375
0 0.19609375 0.184375 0.04765625 0.06328125
0 0.11484375 0.17734375 0.03984375 0.05703125
0 0.79765625 0.4515625 0.0578125 0.075
0 0.775 0.5359375 0.0640625 0.071875
0 0.9453125 0.53125 0.065625 0.09296875
0 0.95234375 0.7703125 0.08984375 0.13203125
0 0.46171875 0.25234375 0.0359375 0.05703125
0 0.3046875 0.25390625 0.0359375 0.05078125
0 0.27578125 0.10625 0.02578125 0.0453125
0 0.3078125 0.12578125 0.028125 0.0453125
0 0.38515625 0.1515625 0.0421875 0.06015625
0 0.26484375 0.1625 0.0359375 0.05078125
0 0.615625 0.17890625 0.034375 0.0390625
0 0.6921875 0.13515625 0.021875 0.0328125
0 0.7703125 0.29140625 0.03984375 0.0453125
0 0.875 0.27890625 0.05234375 0.05703125
0 0.9421875 0.265625 0.05 0.06875
0 0.93671875 0.153125 0.0296875 0.0453125
0 0.86171875 0.21015625 0.028125 0.0421875
0 0.23515625 0.25390625 0.0359375 0.06328125
0 0.5421875 0.2 0.015625 0.0390625
0 0.52265625 0.2703125 0.0359375 0.05390625
0 0.709375 0.85546875 0.1921875 0.221875
0 0.1421875 0.48828125 0.07578125 0.1078125
0 0.0328125 0.3046875 0.028125 0.05078125
0 0.33515625 0.1453125 0.01796875 0.0390625
0 0.18828125 0.040625 0.0296875 0.05703125
0 0.67890625 0.26875 0.034375 0.05078125
0 0.02421875 0.153125 0.028125 0.05078125
0 0.065625 0.2265625 0.0296875 0.05078125
0 0.18671875 0.7 0.03828125 0.1859375
0 0.9625 0.9078125 0.075 0.18125
0 0.9609375 0.6078125 0.0640625 0.1078125
0 0.67421875 0.52265625 0.04609375 0.10234375
0 0.14765625 0.0484375 0.02578125 0.0453125
0 0.4296875 0.153125 0.02421875 0.0421875
0 0.59296875 0.1078125 0.034375 0.0421875
0 0.55625 0.075 0.0296875 0.0421875
0 0.4140625 0.06875 0.02578125 0.0328125
0 0.51171875 0.1171875 0.01796875 0.0390625