0 0.52421875 0.52109375 0.33125 0.52890625
0 0.203125 0.82109375 0.33828125 0.35703125
0 0.734375 0.59140625 0.12890625 0.17890625
0 0.93359375 0.6609375 0.13203125 0.43515625
0 0.20625 0.5875 0.25 0.271875
0 0.0734375 0.60703125 0.08359375 0.165625
0 0.0375 0.42578125 0.07109375 0.13203125
0 0.02421875 0.57421875 0.04609375 0.09609375
0 0.0796875 0.36171875 0.07421875 0.078125
0 0.19453125 0.29609375 0.04921875 0.07109375
0 0.3328125 0.2640625 0.05546875 0.084375
0 0.52265625 0.29453125 0.04296875 0.06796875
0 0.78359375 0.3484375 0.0875 0.13828125
0 0.90078125 0.290625 0.08125 0.08125
0 0.715625 0.46171875 0.1 0.11484375
0 0.27734375 0.40859375 0.0953125 0.1265625
0 0.81875 0.509375 0.0953125 0.10625
0 0.146875 0.42578125 0.07109375 0.09453125
0 0.3984375 0.8078125 0.19453125 0.31015625