0 0.43203125 0.303125 0.10625 0.15
0 0.17734375 0.3375 0.15234375 0.16796875
0 0.9609375 0.40546875 0.07578125 0.21640625
0 0.784375 0.41015625 0.3 0.4625
0 0.43828125 0.48046875 0.221875 0.32734375
0 0.290625 0.490625 0.128125 0.1953125
0 0.13203125 0.75078125 0.26015625 0.4984375
0 0.52734375 0.796875 0.3546875 0.40625
0 0.47734375 0.13828125 0.06015625 0.078125
0 0.334375 0.17421875 0.04609375 0.06328125
0 0.02734375 0.20703125 0.05234375 0.06875
0 0.9390625 0.221875 0.0796875 0.14140625
0 0.58515625 0.27890625 0.14765625 0.15