0 0.17890625 0.47734375 0.128125 0.2765625
0 0.903125 0.67109375 0.16875 0.2671875
0 0.06484375 0.86171875 0.1296875 0.2765625
0 0.159375 0.30625 0.06796875 0.0859375
0 0.04609375 0.509375 0.0921875 0.12578125
0 0.034375 0.4078125 0.06796875 0.08046875
0 0.19765625 0.8375 0.1109375 0.2484375
0 0.0953125 0.75390625 0.08671875 0.13359375
0 0.15703125 0.1765625 0.0703125 0.12265625
0 0.05078125 0.2 0.0609375 0.1078125
0 0.95703125 0.35859375 0.08515625 0.13203125
0 0.88671875 0.4671875 0.0703125 0.1734375
0 0.8078125 0.403125 0.06953125 0.0859375
0 0.72734375 0.41875 0.05703125 0.13203125
0 0.74453125 0.54921875 0.05 0.1375
0 0.884375 0.8640625 0.13046875 0.140625
0 0.74921875 0.25703125 0.078125 0.12578125