0 0.328125 0.44453125 0.03828125 0.07265625
0 0.37578125 0.4640625 0.05625 0.1109375
0 0.10703125 0.47421875 0.03828125 0.08046875
0 0.91171875 0.50859375 0.084375 0.13203125
0 0.0671875 0.59609375 0.0640625 0.11484375
0 0.0953125 0.734375 0.078125 0.140625
0 0.85625 0.15078125 0.05390625 0.08046875
0 0.43671875 0.26171875 0.0359375 0.059375
0 0.82734375 0.2765625 0.03828125 0.09765625
0 0.2328125 0.334375 0.0296875 0.0640625
0 0.46171875 0.340625 0.0296875 0.09375
0 0.49609375 0.340625 0.034375 0.09375
0 0.059375 0.3421875 0.0421875 0.059375
0 0.9421875 0.35078125 0.05234375 0.10234375
0 0.31796875 0.3578125 0.06015625 0.1109375
0 0.4046875 0.36796875 0.028125 0.0765625
0 0.890625 0.37421875 0.0578125 0.0890625
0 0.06171875 0.4125 0.04375 0.0765625
0 0.26328125 0.41484375 0.04375 0.07265625