0 0.33359375 0.44765625 0.034375 0.07890625
0 0.37890625 0.46015625 0.06796875 0.11875
0 0.11484375 0.47421875 0.02890625 0.08046875
0 0.91484375 0.5171875 0.07890625 0.1390625
0 0.06875 0.59375 0.07109375 0.11875
0 0.08984375 0.73125 0.08203125 0.15625
0 0.85625 0.15078125 0.05390625 0.08046875
0 0.43671875 0.26171875 0.0359375 0.059375
0 0.82734375 0.27890625 0.03828125 0.0921875
0 0.23359375 0.3359375 0.03046875 0.0609375
0 0.46171875 0.340625 0.0296875 0.09375
0 0.49609375 0.3421875 0.034375 0.090625
0 0.06171875 0.34609375 0.03671875 0.05234375
0 0.9421875 0.35078125 0.053125 0.10234375
0 0.31875 0.36328125 0.05390625 0.109375
0 0.4046875 0.36796875 0.028125 0.0765625
0 0.890625 0.37734375 0.0578125 0.09453125
0 0.06171875 0.41171875 0.04375 0.0796875
0 0.2640625 0.41171875 0.04375 0.07265625
0 0.08203125 0.64921875 0.06328125 0.0453125
0 0.0625 0.934375 0.04453125 0.13125
0 0.12890625 0.8953125 0.03984375 0.09453125
0 0.1015625 0.4859375 0.0296875 0.078125
0 0.0609375 0.47890625 0.03125 0.0421875
0 0.0890625 0.38359375 0.03125 0.08046875
0 0.0546875 0.30859375 0.03125 0.03046875
0 0.053125 0.27265625 0.021875 0.03359375
0 0.30703125 0.46875 0.0171875 0.0703125
0 0.25 0.35234375 0.0265625 0.04453125
0 0.26875 0.33125 0.0203125 0.0390625
0 0.21640625 0.36484375 0.02578125 0.053125
0 0.20078125 0.33359375 0.02421875 0.04921875
0 0.35078125 0.309375 0.0234375 0.0578125
0 0.35859375 0.37421875 0.0171875 0.04375
0 0.3765625 0.36328125 0.0234375 0.05234375
0 0.37578125 0.30546875 0.01953125 0.05859375
0 0.39453125 0.2875 0.01875 0.04140625
0 0.4046875 0.26328125 0.0171875 0.040625
0 0.86953125 0.2765625 0.03046875 0.07578125
0 0.9125 0.30390625 0.0265625 0.05390625
0 0.878125 0.22109375 0.03125 0.046875
0 0.484375 0.553125 0.0515625 0.1328125
0 0.04296875 0.44140625 0.0234375 0.0421875
0 0.7953125 0.2125 0.03125 0.0640625
0 0.91171875 0.95546875 0.06015625 0.0890625