0 0.08828125 0.3 0.0640625 0.09296875
0 0.678125 0.33046875 0.0578125 0.078125
0 0.26015625 0.36328125 0.05390625 0.06875
0 0.98125 0.39609375 0.034375 0.08671875
0 0.81484375 0.40703125 0.065625 0.08984375
0 0.9140625 0.41171875 0.071875 0.1109375
0 0.65234375 0.44609375 0.0359375 0.084375
0 0.121875 0.48671875 0.078125 0.14140625
0 0.26171875 0.48828125 0.084375 0.1828125
0 0.01875 0.50546875 0.0375 0.1796875
0 0.946875 0.54921875 0.05625 0.1140625
0 0.74921875 0.6546875 0.10625 0.225
0 0.0421875 0.696875 0.08203125 0.18046875
0 0.16015625 0.759375 0.09609375 0.20390625
0 0.92578125 0.7875 0.14765625 0.2328125
0 0.053125 0.94140625 0.10234375 0.1171875
0 0.56171875 0.24609375 0.0640625 0.09609375
0 0.259375 0.275 0.05234375 0.08671875
0 0.8453125 0.59296875 0.05 0.11015625
0 0.97734375 0.68671875 0.0453125 0.14765625
0 0.928125 0.3328125 0.06015625 0.075
0 0.98671875 0.5203125 0.0265625 0.08515625
0 0.20546875 0.68671875 0.05859375 0.1125
0 0.16640625 0.434375 0.03671875 0.0578125
0 0.18671875 0.29765625 0.03671875 0.075
0 0.60546875 0.275 0.04140625 0.08984375
0 0.96328125 0.2578125 0.05 0.06484375
0 0.84296875 0.309375 0.046875 0.05234375
0 0.75546875 0.303125 0.05859375 0.06484375
0 0.70859375 0.42890625 0.046875 0.0578125
0 0.75234375 0.478125 0.0546875 0.125
0 0.0734375 0.440625 0.04296875 0.08046875