0 0.08828125 0.30078125 0.06484375 0.09375
0 0.678125 0.33046875 0.05859375 0.07890625
0 0.26015625 0.36328125 0.0546875 0.0703125
0 0.98046875 0.396875 0.034375 0.08828125
0 0.81484375 0.40625 0.06640625 0.09140625
0 0.9140625 0.41171875 0.071875 0.11171875
0 0.65234375 0.44609375 0.03671875 0.0828125
0 0.121875 0.4859375 0.07734375 0.140625
0 0.26171875 0.4875 0.08359375 0.184375
0 0.01875 0.50546875 0.0375 0.1796875
0 0.94765625 0.54921875 0.05625 0.11328125
0 0.7484375 0.66171875 0.10546875 0.24140625
0 0.04140625 0.696875 0.08203125 0.18046875
0 0.159375 0.76015625 0.096875 0.203125
0 0.925 0.790625 0.15 0.225
0 0.053125 0.94140625 0.10234375 0.1171875
0 0.56171875 0.24609375 0.0640625 0.09609375
0 0.25859375 0.275 0.053125 0.08671875