0 0.46484375 0.378125 0.03828125 0.05078125
0 0.4359375 0.384375 0.03984375 0.05078125
0 0.1890625 0.390625 0.04375 0.06015625
0 0.35625 0.41015625 0.04609375 0.06328125
0 0.1046875 0.43515625 0.02578125 0.05390625
0 0.07265625 0.4546875 0.03203125 0.05703125
0 0.275 0.4578125 0.05 0.08125
0 0.22890625 0.4609375 0.04609375 0.075
0 0.11328125 0.4921875 0.04375 0.06328125
0 0.1546875 0.49375 0.034375 0.06015625
0 0.03671875 0.5171875 0.0734375 0.1
0 0.32578125 0.5296875 0.0421875 0.06875
0 0.4390625 0.54140625 0.06171875 0.096875
0 0.51953125 0.5484375 0.040625 0.078125
0 0.05703125 0.59453125 0.05390625 0.06640625
0 0.30703125 0.60234375 0.03828125 0.0484375
0 0.1328125 0.6109375 0.09609375 0.12578125
0 0.02578125 0.63671875 0.0359375 0.06640625
0 0.3109375 0.684375 0.1078125 0.12890625
0 0.4296875 0.76875 0.09765625 0.18046875
0 0.4 0.278125 0.028125 0.05078125
0 0.34375 0.28828125 0.0421875 0.05390625
0 0.5265625 0.36328125 0.034375 0.06953125
0 0.50078125 0.3296875 0.0375 0.05546875
0 0.4296875 0.30859375 0.03515625 0.05
0 0.46171875 0.2765625 0.025 0.0390625
0 0.46484375 0.31875 0.01640625 0.04296875
0 0.40078125 0.4390625 0.02890625 0.04296875
0 0.31328125 0.44453125 0.02109375 0.040625
0 0.39296875 0.55546875 0.04375 0.07578125
0 0.03359375 0.46015625 0.034375 0.04296875
0 0.08828125 0.50703125 0.025 0.04453125
0 0.1796875 0.4796875 0.02265625 0.04296875
0 0.134375 0.4203125 0.0234375 0.0390625
0 0.14765625 0.39765625 0.0234375 0.03515625
0 0.22109375 0.365625 0.01875 0.0390625
0 0.29765625 0.36328125 0.02265625 0.03359375
0 0.23984375 0.40859375 0.0296875 0.03203125
0 0.353125 0.35234375 0.034375 0.04296875
0 0.31796875 0.34765625 0.0234375 0.0390625
0 0.26328125 0.353125 0.02421875 0.0359375
0 0.26171875 0.32578125 0.02109375 0.025
0 0.24296875 0.31640625 0.02265625 0.03203125
0 0.21640625 0.34296875 0.02109375 0.0265625
0 0.1375 0.69609375 0.04375 0.07421875
0 0.5421875 0.28125 0.03359375 0.0625
0 0.9578125 0.58828125 0.046875 0.1171875