0 0.2828125 0.4296875 0.084375 0.1140625
0 0.45703125 0.51328125 0.084375 0.10546875
0 0.5671875 0.41015625 0.06015625 0.078125
0 0.41484375 0.3078125 0.05625 0.075
0 0.49609375 0.275 0.04375 0.05703125
0 0.5359375 0.3171875 0.03984375 0.05390625
0 0.603125 0.2640625 0.0421875 0.06328125
0 0.18515625 0.33046875 0.071875 0.09609375
0 0.0796875 0.33359375 0.03828125 0.06328125
0 0.0171875 0.24140625 0.021875 0.0296875
0 0.03125 0.184375 0.01796875 0.0296875
0 0.075 0.17578125 0.01796875 0.02734375
0 0.10390625 0.25234375 0.021875 0.0296875
0 0.053125 0.309375 0.03984375 0.06015625
0 0.10390625 0.3140625 0.03203125 0.0453125
0 0.109375 0.3796875 0.04375 0.05390625
0 0.025 0.34375 0.03984375 0.06015625
0 0.29375 0.33203125 0.03984375 0.06640625
0 0.2453125 0.32109375 0.0421875 0.06015625
0 0.27734375 0.234375 0.028125 0.0390625
0 0.26328125 0.25546875 0.03203125 0.0453125
0 0.29375 0.16484375 0.0296875 0.0453125
0 0.2578125 0.159375 0.02421875 0.0328125
0 0.234375 0.14296875 0.01796875 0.0328125
0 0.21875 0.17734375 0.0203125 0.02109375
0 0.18125 0.20859375 0.021875 0.0296875
0 0.16171875 0.21953125 0.015625 0.0296875
0 0.140625 0.21953125 0.0203125 0.0328125
0 0.121875 0.21171875 0.0203125 0.02734375
0 0.09765625 0.21484375 0.02421875 0.02734375
0 0.06484375 0.25546875 0.021875 0.0328125
0 0.21328125 0.41328125 0.04609375 0.05703125
0 0.1828125 0.43984375 0.03203125 0.05703125
0 0.20703125 0.2359375 0.021875 0.02734375
0 0.165625 0.159375 0.01796875 0.0296875
0 0.46171875 0.384375 0.04375 0.06875
0 0.36796875 0.3078125 0.04375 0.075
0 0.3203125 0.234375 0.03984375 0.06328125
0 0.37265625 0.2609375 0.028125 0.0484375
0 0.35703125 0.21171875 0.021875 0.0453125
0 0.396875 0.20234375 0.03203125 0.0453125
0 0.42890625 0.21796875 0.02578125 0.0421875
0 0.45078125 0.20390625 0.02421875 0.0328125
0 0.48203125 0.1484375 0.02578125 0.0390625
0 0.490625 0.21640625 0.03203125 0.0421875
0 0.54296875 0.13828125 0.021875 0.0453125
0 0.5703125 0.18046875 0.028125 0.0484375
0 0.6046875 0.146875 0.021875 0.0390625
0 0.57265625 0.25859375 0.03828125 0.05703125
0 0.53125 0.421875 0.034375 0.06875
0 0.34296875 0.146875 0.021875 0.0328125
0 0.37265625 0.159375 0.0203125 0.0296875
0 0.39765625 0.1453125 0.01796875 0.02109375
0 0.5453125 0.58828125 0.08203125 0.16484375
0 0.9296875 0.44296875 0.08203125 0.13203125
0 0.89375 0.1453125 0.0140625 0.02421875
0 0.946875 0.3140625 0.05625 0.084375