0 0.46484375 0.37890625 0.03828125 0.05234375
0 0.4359375 0.384375 0.040625 0.0515625
0 0.1890625 0.390625 0.04375 0.0609375
0 0.35546875 0.409375 0.0453125 0.0625
0 0.10546875 0.4359375 0.02578125 0.0546875
0 0.07265625 0.45390625 0.0328125 0.0578125
0 0.275 0.4578125 0.05078125 0.08125
0 0.22890625 0.46015625 0.04609375 0.07578125
0 0.11328125 0.4921875 0.04375 0.06328125
0 0.15546875 0.49296875 0.03359375 0.05859375
0 0.03671875 0.51796875 0.0734375 0.09921875
0 0.32578125 0.53046875 0.04296875 0.0703125
0 0.43828125 0.54140625 0.06328125 0.0890625
0 0.525 0.5484375 0.03046875 0.07734375
0 0.05703125 0.59453125 0.0546875 0.06640625
0 0.30703125 0.60234375 0.0375 0.0484375
0 0.13046875 0.61328125 0.09140625 0.1234375
0 0.0265625 0.6375 0.0359375 0.065625
0 0.3078125 0.68515625 0.10234375 0.128125
0 0.43046875 0.76796875 0.096875 0.17890625
0 0.4 0.278125 0.02734375 0.05234375
0 0.34453125 0.2890625 0.0421875 0.053125