0 0.14296875 0.3171875 0.2296875 0.25625
0 0.28828125 0.8328125 0.3859375 0.3296875
0 0.640625 0.77421875 0.453125 0.315625
0 0.03046875 0.3015625 0.0609375 0.1390625
0 0.93984375 0.38828125 0.08125 0.10625
0 0.5890625 0.9296875 0.378125 0.1390625
0 0.79453125 0.29765625 0.1578125 0.203125
0 0.059375 0.62734375 0.11875 0.14375
0 0.83828125 0.53984375 0.128125 0.128125
0 0.94921875 0.25234375 0.04375 0.05
0 0.9 0.265625 0.05 0.0703125
0 0.984375 0.28671875 0.03125 0.028125
0 0.3078125 0.2953125 0.05 0.046875