0 0.7515625 0.19140625 0.125 0.18359375
0 0.8703125 0.24375 0.084375 0.13359375
0 0.4796875 0.51640625 0.121875 0.15
0 0.6046875 0.1375 0.103125 0.15
0 0.45 0.11015625 0.065625 0.12890625
0 0.303125 0.14765625 0.125 0.17890625
0 0.134375 0.07265625 0.11875 0.1453125
0 0.01875 0.0875 0.0375 0.09609375
0 0.05 0.28125 0.1 0.15859375
0 0.1140625 0.34375 0.153125 0.1375
0 0.0515625 0.56484375 0.103125 0.17109375
0 0.2109375 0.575 0.15 0.175
0 0.2921875 0.72109375 0.103125 0.1125
0 0.2921875 0.86015625 0.140625 0.16640625
0 0.459375 0.79609375 0.240625 0.34609375
0 0.7078125 0.80625 0.265625 0.35859375
0 0.853125 0.47734375 0.1125 0.17890625
0 0.3546875 0.34375 0.103125 0.1375
0 0.94375 0.45390625 0.1125 0.20390625
0 0.696875 0.06015625 0.084375 0.0875
0 0.3859375 0.26875 0.11875 0.12890625
0 0.5296875 0.19765625 0.05625 0.0875
0 0.5578125 0.3125 0.046875 0.07109375
0 0.171875 0.24375 0.090625 0.125