0 0.92890625 0.5453125 0.128125 0.24609375
0 0.0296875 0.57734375 0.059375 0.1328125
0 0.09296875 0.59453125 0.0921875 0.17109375
0 0.66953125 0.67265625 0.21953125 0.31484375
0 0.96015625 0.78203125 0.0765625 0.10625
0 0.121875 0.85234375 0.24375 0.2953125
0 0.39921875 0.85625 0.21015625 0.284375
0 0.5546875 0.85078125 0.134375 0.29765625
0 0.55703125 0.62890625 0.13125 0.21328125
0 0.50390625 0.60859375 0.0984375 0.18359375
0 0.053125 0.696875 0.10625 0.21015625
0 0.12109375 0.671875 0.07109375 0.0609375
0 0.165625 0.6359375 0.0578125 0.0890625
0 0.1984375 0.69765625 0.06015625 0.0765625
0 0.2359375 0.6375 0.08046875 0.15390625
0 0.3375 0.62265625 0.1890625 0.32578125
0 0.8359375 0.665625 0.12578125 0.2390625
0 0.95078125 0.721875 0.0671875 0.0828125
0 0.8859375 0.865625 0.0328125 0.04375
0 0.84375 0.5125 0.0828125 0.11796875
0 0.98359375 0.6046875 0.0328125 0.1
0 0.1359375 0.5609375 0.03046875 0.053125