0 0.18125 0.82890625 0.13984375 0.228125
0 0.52421875 0.75234375 0.1421875 0.234375
0 0.72421875 0.8515625 0.15390625 0.2375
0 0.921875 0.6578125 0.13984375 0.20390625
0 0.909375 0.8484375 0.13828125 0.25859375
0 0.20234375 0.63046875 0.1203125 0.18046875
0 0.2921875 0.90390625 0.134375 0.1921875
0 0.378125 0.7296875 0.10390625 0.1921875
0 0.63515625 0.6125 0.0703125 0.10546875
0 0.72109375 0.58671875 0.06171875 0.09296875
0 0.8 0.67890625 0.05234375 0.09296875
0 0.84375 0.52578125 0.0296875 0.06640625
0 0.521875 0.5828125 0.0703125 0.13203125
0 0.12578125 0.6546875 0.0796875 0.12578125