0 0.67421875 0.04296875 0.08515625 0.03828125
0 0.31484375 0.58828125 0.09765625 0.08125
0 0.43046875 0.5890625 0.12109375 0.084375
0 0.58359375 0.7453125 0.08203125 0.13671875
0 0.20234375 0.79140625 0.19296875 0.21015625
0 0.49765625 0.0859375 0.05234375 0.0453125
0 0.94375 0.8828125 0.07265625 0.1203125
0 0.834375 0.88671875 0.0765625 0.0640625
0 0.35703125 0.89140625 0.1390625 0.2171875
0 0.56171875 0.91796875 0.21796875 0.1578125
0 0.7703125 0.9203125 0.11875 0.08984375
0 0.16015625 0.95 0.17890625 0.1
0 0.70546875 0.1 0.06328125 0.06796875
0 0.55625 0.13203125 0.06796875 0.078125
0 0.87265625 0.15625 0.0484375 0.0515625
0 0.49140625 0.15625 0.0796875 0.090625
0 0.6625 0.159375 0.0703125 0.08828125
0 0.80703125 0.178125 0.07734375 0.05859375