0 0.675 0.04375 0.08359375 0.0375
0 0.31484375 0.5875 0.09609375 0.07890625
0 0.43125 0.58984375 0.12109375 0.08359375
0 0.58359375 0.74609375 0.08359375 0.1375
0 0.19921875 0.78984375 0.19765625 0.21171875
0 0.49765625 0.08515625 0.05390625 0.04609375
0 0.94375 0.88359375 0.075 0.12109375
0 0.83515625 0.8875 0.075 0.0625
0 0.3578125 0.89140625 0.1359375 0.21640625
0 0.55703125 0.915625 0.22734375 0.1640625
0 0.77109375 0.925 0.11640625 0.10078125
0 0.1625 0.95 0.18359375 0.1
0 0.70625 0.1 0.0625 0.06640625
0 0.55625 0.13125 0.06640625 0.07890625
0 0.87265625 0.15625 0.05 0.05
0 0.49140625 0.15625 0.07890625 0.09140625
0 0.6625 0.15859375 0.07109375 0.0875
0 0.8125 0.18046875 0.0671875 0.0640625
0 0.79765625 0.13984375 0.05546875 0.0484375
0 0.7296875 0.20625 0.084375 0.05703125
0 0.59609375 0.071875 0.05859375 0.05078125
0 0.646875 0.0859375 0.0390625 0.0421875
0 0.05234375 0.85234375 0.0875 0.15625
0 0.28671875 0.8671875 0.10703125 0.1671875
0 0.3015625 0.709375 0.10078125 0.13984375
0 0.39453125 0.734375 0.0890625 0.10390625
0 0.096875 0.75625 0.05234375 0.06015625
0 0.709375 0.815625 0.06953125 0.08828125
0 0.8203125 0.7796875 0.078125 0.0796875