0 0.890625 0.92109375 0.215625 0.1546875
0 0.71015625 0.3390625 0.309375 0.3390625
0 0.06796875 0.575 0.1234375 0.1328125
0 0.6046875 0.6 0.2875 0.2703125
0 0.1859375 0.45 0.1625 0.1609375
0 0.45859375 0.3828125 0.284375 0.325
0 0.78671875 0.67421875 0.2234375 0.2484375
0 0.9203125 0.421875 0.1578125 0.234375
0 0.12265625 0.34140625 0.159375 0.153125
0 0.259375 0.3625 0.11875 0.1453125
0 0.0453125 0.4015625 0.090625 0.1546875
0 0.3640625 0.53828125 0.109375 0.1234375
0 0.371875 0.65546875 0.0734375 0.109375
0 0.86328125 0.2515625 0.1578125 0.15
0 0.9234375 0.5640625 0.1203125 0.1015625
0 0.00703125 0.53125 0.0140625 0.06875
0 0.18828125 0.29921875 0.0921875 0.1109375
0 0.4078125 0.7375 0.0546875 0.078125
0 0.93984375 0.2984375 0.1203125 0.115625
0 0.4203125 0.32421875 0.2 0.225
0 0.02578125 0.31640625 0.05 0.05625
0 0.29296875 0.37578125 0.096875 0.1578125