0 0.62421875 0.6328125 0.3171875 0.1953125
0 0.12890625 0.63984375 0.2578125 0.1546875
0 0.90703125 0.5921875 0.184375 0.14375
0 0.45 0.678125 0.2859375 0.16875
0 0.20234375 0.47890625 0.121875 0.071875
0 0.825 0.68125 0.1390625 0.0828125
0 0.73203125 0.453125 0.0859375 0.053125
0 0.04296875 0.48046875 0.0859375 0.059375
0 0.45234375 0.56875 0.1734375 0.075
0 0.7734375 0.5171875 0.146875 0.075
0 0.034375 0.56015625 0.06875 0.065625
0 0.353125 0.471875 0.0890625 0.05625
0 0.2828125 0.46171875 0.065625 0.04375
0 0.4953125 0.45625 0.0609375 0.0421875
0 0.81875 0.45 0.090625 0.05
0 0.596875 0.49765625 0.15625 0.071875
0 0.39453125 0.54609375 0.1234375 0.0890625
0 0.7390625 0.5671875 0.146875 0.0703125
0 0.25625 0.5609375 0.2109375 0.115625
0 0.909375 0.53046875 0.18125 0.0984375
0 0.83125 0.48984375 0.0796875 0.0375
0 0.896875 0.471875 0.0921875 0.0515625
0 0.928125 0.4625 0.084375 0.053125
0 0.97578125 0.475 0.0484375 0.0390625
0 0.9796875 0.45234375 0.040625 0.025
0 0.9546875 0.446875 0.046875 0.025
0 0.96875 0.4234375 0.0625 0.034375
0 0.8734375 0.44296875 0.04375 0.025
0 0.90546875 0.42890625 0.0640625 0.03125
0 0.85546875 0.4234375 0.0484375 0.0265625
0 0.72578125 0.5234375 0.0890625 0.0375
0 0.753125 0.47890625 0.0828125 0.03125
0 0.65078125 0.475 0.0859375 0.0359375
0 0.58359375 0.4578125 0.0828125 0.021875
0 0.5921875 0.55 0.1453125 0.046875
0 0.08671875 0.56484375 0.0828125 0.034375
0 0.0265625 0.50546875 0.053125 0.04375
0 0.11640625 0.48671875 0.0390625 0.0265625
0 0.07421875 0.52109375 0.046875 0.025
0 0.09296875 0.48671875 0.0265625 0.015625
0 0.065625 0.4546875 0.0390625 0.025
0 0.02109375 0.43984375 0.034375 0.021875
0 0.059375 0.43125 0.03125 0.0203125
0 0.090625 0.43828125 0.0328125 0.0171875
0 0.10859375 0.43359375 0.03125 0.01875
0 0.08828125 0.42578125 0.028125 0.0109375
0 0.02421875 0.4234375 0.0296875 0.0125
0 0.04375 0.4140625 0.0234375 0.0125
0 0.1171875 0.471875 0.0375 0.0203125
0 0.09375 0.4609375 0.040625 0.01875
0 0.14375 0.43515625 0.0328125 0.01875
0 0.17421875 0.44375 0.0265625 0.015625
0 0.1609375 0.46484375 0.0375 0.021875
0 0.1484375 0.44765625 0.0265625 0.0140625
0 0.3390625 0.42890625 0.04375 0.021875
0 0.3703125 0.43046875 0.0328125 0.0171875
0 0.425 0.43203125 0.034375 0.0171875
0 0.24140625 0.43203125 0.0296875 0.0125
0 0.29296875 0.43515625 0.0265625 0.0125
0 0.29296875 0.42734375 0.0265625 0.0109375
0 0.18359375 0.42734375 0.025 0.0140625
0 0.43671875 0.4578125 0.0609375 0.0359375
0 0.37734375 0.4484375 0.046875 0.01875
0 0.42421875 0.46796875 0.053125 0.0296875
0 0.5578125 0.4390625 0.04375 0.021875
0 0.4890625 0.4296875 0.034375 0.015625
0 0.46875 0.43046875 0.0234375 0.0171875
0 0.60859375 0.440625 0.05 0.0203125
0 0.58984375 0.4375 0.0296875 0.01875
0 0.6640625 0.434375 0.0390625 0.021875
0 0.68203125 0.4484375 0.0359375 0.0203125
0 0.71328125 0.43046875 0.028125 0.015625
0 0.68828125 0.43203125 0.0203125 0.0109375