0 0.3484375 0.45078125 0.084375 0.096875
0 0.39921875 0.51171875 0.05703125 0.08046875
0 0.353125 0.6140625 0.05 0.084375
0 0.1390625 0.68359375 0.05625 0.07109375
0 0.3015625 0.69765625 0.06875 0.08359375
0 0.4046875 0.8125 0.059375 0.10390625
0 0.303125 0.8515625 0.075 0.10546875
0 0.25625 0.90625 0.053125 0.07890625
0 0.4109375 0.3453125 0.0625 0.0734375
0 0.4671875 0.54140625 0.04765625 0.0828125
0 0.3359375 0.903125 0.0578125 0.0796875
0 0.23828125 0.72265625 0.04296875 0.07421875
0 0.2703125 0.78046875 0.03671875 0.0390625
0 0.31328125 0.3609375 0.0375 0.04375
0 0.34453125 0.35859375 0.025 0.0390625
0 0.45078125 0.35234375 0.03359375 0.0578125
0 0.503125 0.58984375 0.0203125 0.05625
0 0.18984375 0.76875 0.04296875 0.0515625
0 0.16328125 0.821875 0.0375 0.06015625
0 0.32265625 0.2484375 0.04609375 0.05703125
0 0.35859375 0.24609375 0.02890625 0.05859375
0 0.38828125 0.2515625 0.03359375 0.053125
0 0.196875 0.6734375 0.05234375 0.05234375