0 0.471875 0.38515625 0.071875 0.08359375
0 0.24375 0.55625 0.0625 0.07890625
0 0.5359375 0.5265625 0.078125 0.11328125
0 0.7765625 0.50859375 0.065625 0.12109375
0 0.725 0.64375 0.071875 0.07890625
0 0.8046875 0.60625 0.05625 0.07890625
0 0.1625 0.56484375 0.078125 0.06640625
0 0.071875 0.6125 0.04375 0.07109375
0 0.2015625 0.65234375 0.053125 0.06640625
0 0.121875 0.69609375 0.065625 0.05859375
0 0.3765625 0.6875 0.053125 0.05390625
0 0.9265625 0.75234375 0.078125 0.05390625
0 0.7828125 0.77734375 0.05625 0.0625
0 0.21015625 0.52734375 0.04453125 0.07734375