0 0.24140625 0.49375 0.05078125 0.11796875
0 0.515625 0.5 0.05078125 0.071875
0 0.196875 0.509375 0.06015625 0.07421875
0 0.11640625 0.51953125 0.08203125 0.10078125
0 0.6609375 0.525 0.06953125 0.09140625
0 0.77734375 0.55625 0.06953125 0.13203125
0 0.453125 0.5609375 0.06015625 0.09140625
0 0.50859375 0.5984375 0.05078125 0.11796875
0 0.3609375 0.6078125 0.09140625 0.12734375
0 0.1828125 0.6453125 0.125 0.17578125
0 0.40390625 0.64765625 0.10078125 0.134375
0 0.91015625 0.71875 0.13671875 0.1734375
0 0.51796875 0.72578125 0.12265625 0.209375
0 0.1234375 0.7875 0.18984375 0.2453125
0 0.32109375 0.83515625 0.18984375 0.2984375