0 0.06171875 0.38125 0.1 0.153125
0 0.49375 0.378125 0.140625 0.1953125
0 0.35703125 0.546875 0.1375 0.1953125
0 0.23828125 0.3328125 0.0890625 0.2
0 0.8421875 0.28359375 0.315625 0.50625
0 0.653125 0.4953125 0.0421875 0.0625
0 0.12109375 0.60390625 0.1859375 0.24375
0 0.990625 0.51640625 0.01875 0.0765625
0 0.68125 0.5984375 0.078125 0.1046875
0 0.50234375 0.60546875 0.021875 0.0421875
0 0.5625 0.61875 0.028125 0.040625
0 0.575 0.90625 0.0390625 0.06875
0 0.240625 0.68046875 0.0828125 0.11875
0 0.84140625 0.55390625 0.065625 0.1015625
0 0.28828125 0.50625 0.0625 0.109375
0 0.35390625 0.44609375 0.034375 0.0453125
0 0.67578125 0.52734375 0.0328125 0.03125
0 0.7796875 0.56171875 0.059375 0.059375
0 0.76328125 0.575 0.05 0.046875
0 0.740625 0.646875 0.0203125 0.0171875