0 0.0671875 0.684375 0.134375 0.35
0 0.209375 0.565625 0.11015625 0.20390625
0 0.36328125 0.6859375 0.18828125 0.37421875
0 0.60625 0.58203125 0.15625 0.26953125
0 0.503125 0.48671875 0.07421875 0.140625
0 0.725 0.44921875 0.0578125 0.1140625
0 0.87265625 0.5265625 0.1703125 0.27265625
0 0.6015625 0.915625 0.275 0.16875
0 0.27734375 0.4578125 0.05 0.09609375
0 0.11796875 0.50625 0.05 0.08359375
0 0.08828125 0.47578125 0.0421875 0.06015625
0 0.05078125 0.44921875 0.0359375 0.04453125
0 0.371875 0.43125 0.04765625 0.071875
0 0.6390625 0.44296875 0.06015625 0.09296875
0 0.78671875 0.459375 0.0421875 0.071875
0 0.7703125 0.5765625 0.05390625 0.08046875
0 0.365625 0.4984375 0.08984375 0.1140625
0 0.15625 0.4328125 0.028125 0.05703125
0 0.1203125 0.4375 0.0203125 0.0421875
0 0.4109375 0.434375 0.021875 0.04453125
0 0.58828125 0.41796875 0.02421875 0.04453125
0 0.7546875 0.36953125 0.0140625 0.01796875