0 0.13671875 0.5796875 0.04609375 0.05390625
0 0.303125 0.6109375 0.0375 0.05078125
0 0.50703125 0.6296875 0.04140625 0.04453125
0 0.19140625 0.64296875 0.046875 0.04765625
0 0.34140625 0.6640625 0.03203125 0.05625
0 0.271875 0.66640625 0.03046875 0.04765625
0 0.8703125 0.6671875 0.03984375 0.040625
0 0.38671875 0.67734375 0.03984375 0.05390625
0 0.796875 0.678125 0.03671875 0.05
0 0.7234375 0.71328125 0.03828125 0.03671875
0 0.79453125 0.73359375 0.03828125 0.0578125
0 0.19921875 0.7359375 0.0390625 0.05234375
0 0.31015625 0.74453125 0.065625 0.08046875
0 0.56171875 0.7546875 0.08984375 0.1171875
0 0.4140625 0.76484375 0.06875 0.08046875
0 0.8796875 0.77265625 0.07109375 0.0734375
0 0.38671875 0.8328125 0.04296875 0.1140625
0 0.2328125 0.840625 0.0796875 0.121875
0 0.70703125 0.87578125 0.05546875 0.13125
0 0.03515625 0.878125 0.0640625 0.1328125