0 0.1421875 0.5640625 0.1625 0.27109375
0 0.2703125 0.6765625 0.13125 0.28125
0 0.659375 0.5546875 0.340625 0.5140625
0 0.8859375 0.45 0.153125 0.309375
0 0.38125 0.359375 0.05 0.1046875
0 0.3734375 0.2953125 0.0625 0.11875
0 0.0734375 0.32890625 0.115625 0.16171875
0 0.18125 0.34765625 0.071875 0.17109375
0 0.4421875 0.45703125 0.040625 0.1046875
0 0.465625 0.35234375 0.0625 0.15703125
0 0.575 0.26171875 0.053125 0.1
0 0.690625 0.24765625 0.08125 0.12890625
0 0.2890625 0.46875 0.071875 0.13359375
0 0.215625 0.2453125 0.065625 0.0953125
0 0.440625 0.190625 0.0625 0.1
0 0.74375 0.14296875 0.04375 0.090625
0 0.115625 0.23125 0.05625 0.0953125
0 0.2984375 0.290625 0.05625 0.109375
0 0.2375 0.440625 0.071875 0.13828125
0 0.521875 0.2453125 0.05625 0.1046875