0 0.1390625 0.5125 0.278125 0.571875
0 0.8421875 0.72421875 0.315625 0.5515625
0 0.528125 0.83984375 0.26875 0.3203125
0 0.15 0.14296875 0.2625 0.2859375
0 0.896875 0.1625 0.20625 0.30390625
0 0.7328125 0.2375 0.275 0.36953125
0 0.4375 0.45546875 0.3125 0.39921875
0 0.24921875 0.83984375 0.4046875 0.3203125
0 0.3484375 0.54765625 0.13046875 0.1671875
0 0.44375 0.64453125 0.21015625 0.2453125
0 0.3796875 0.19453125 0.203125 0.16953125
0 0.5484375 0.31328125 0.14921875 0.26640625
0 0.565625 0.1578125 0.1734375 0.159375
0 0.3390625 0.0703125 0.10234375 0.1359375
0 0.46796875 0.0875 0.14375 0.1640625
0 0.765625 0.06484375 0.16640625 0.1203125
0 0.8875 0.33671875 0.1875 0.13046875
0 0.78671875 0.53203125 0.346875 0.48515625