0 0.64140625 0.4015625 0.109375 0.2171875
0 0.875 0.4671875 0.1703125 0.19765625
0 0.7328125 0.48984375 0.0953125 0.20546875
0 0.32734375 0.56796875 0.078125 0.2234375
0 0.69921875 0.6484375 0.1296875 0.18125
0 0.2453125 0.6578125 0.16640625 0.33046875
0 0.546875 0.70859375 0.184375 0.25234375
0 0.134375 0.7734375 0.12890625 0.2984375
0 0.14921875 0.12109375 0.09375 0.14609375
0 0.74375 0.2015625 0.0640625 0.121875
0 0.06328125 0.2765625 0.1265625 0.175
0 0.4890625 0.28203125 0.121875 0.140625
0 0.18203125 0.2859375 0.06796875 0.16171875