0 0.64296875 0.390625 0.1109375 0.240625
0 0.875 0.4671875 0.1703125 0.19765625
0 0.7328125 0.48984375 0.09609375 0.20625
0 0.32578125 0.56171875 0.08359375 0.24453125
0 0.6953125 0.6453125 0.13359375 0.184375
0 0.2453125 0.65078125 0.165625 0.3453125
0 0.5515625 0.70234375 0.19296875 0.27109375
0 0.134375 0.77265625 0.128125 0.29921875
0 0.14921875 0.12109375 0.09375 0.146875
0 0.74375 0.20234375 0.0640625 0.12265625
0 0.0640625 0.2765625 0.128125 0.1734375
0 0.4890625 0.28125 0.121875 0.140625
0 0.159375 0.275 0.11328125 0.18359375
0 0.3484375 0.234375 0.10234375 0.18671875
0 0.51640625 0.5421875 0.1265625 0.1609375
0 0.57734375 0.21875 0.0703125 0.103125
0 0.41953125 0.1859375 0.0453125 0.12890625
0 0.2796875 0.13046875 0.04921875 0.10546875
0 0.06015625 0.1234375 0.09140625 0.13125
0 0.97109375 0.3953125 0.0578125 0.14375
0 0.94296875 0.23046875 0.078125 0.08359375
0 0.8171875 0.2109375 0.06640625 0.0796875
0 0.83984375 0.12109375 0.0640625 0.06328125
0 0.9515625 0.1125 0.0421875 0.06953125
0 0.22421875 0.22734375 0.04921875 0.06953125
0 0.665625 0.19296875 0.06875 0.10703125
0 0.56640625 0.11171875 0.046875 0.0796875