0 0.6421875 0.4015625 0.11015625 0.21875
0 0.875 0.4671875 0.1703125 0.19765625
0 0.7328125 0.48984375 0.09609375 0.20625
0 0.32734375 0.5671875 0.078125 0.22421875
0 0.69921875 0.6484375 0.1296875 0.1828125
0 0.2453125 0.65859375 0.165625 0.3296875
0 0.546875 0.7078125 0.184375 0.2515625
0 0.134375 0.77265625 0.128125 0.29921875
0 0.14921875 0.12109375 0.09375 0.146875
0 0.74375 0.20234375 0.0640625 0.12265625
0 0.0640625 0.2765625 0.128125 0.1734375
0 0.4890625 0.28125 0.121875 0.140625
0 0.18203125 0.2859375 0.06796875 0.16171875