0 0.1609375 0.9328125 0.07578125 0.0953125
0 0.33046875 0.86484375 0.0796875 0.10859375
0 0.23671875 0.82109375 0.0765625 0.08125
0 0.49296875 0.8578125 0.06875 0.115625
0 0.55234375 0.8828125 0.071875 0.11796875
0 0.6328125 0.89609375 0.0703125 0.10625
0 0.4703125 0.73359375 0.0484375 0.07578125
0 0.56640625 0.70625 0.06796875 0.09296875
0 0.02890625 0.76484375 0.0484375 0.09453125
0 0.10859375 0.75625 0.08671875 0.0953125
0 0.1734375 0.75546875 0.06015625 0.08671875
0 0.75625 0.928125 0.06796875 0.121875
0 0.7953125 0.72890625 0.04140625 0.0875
0 0.65078125 0.7078125 0.05625 0.0640625
0 0.8109375 0.8671875 0.06484375 0.11015625
0 0.928125 0.85390625 0.05234375 0.1125
0 0.125 0.86953125 0.07890625 0.09453125
0 0.39765625 0.78046875 0.05859375 0.08671875
0 0.36640625 0.75078125 0.059375 0.0890625
0 0.265625 0.73203125 0.05859375 0.09140625
0 0.88203125 0.77734375 0.0625 0.0875
0 0.33125 0.65 0.0203125 0.03046875
0 0.371875 0.62421875 0.01796875 0.025
0 0.16640625 0.67734375 0.0484375 0.065625
0 0.009375 0.6203125 0.01796875 0.0359375
0 0.02890625 0.68828125 0.03359375 0.04296875
0 0.590625 0.77734375 0.0546875 0.09296875
0 0.2046875 0.66953125 0.0203125 0.02109375
0 0.7328125 0.7140625 0.0375 0.05390625
0 0.91875 0.721875 0.04296875 0.0578125
0 0.35234375 0.68359375 0.02109375 0.0265625
0 0.075 0.625 0.01875 0.02734375
0 0.26953125 0.64296875 0.01875 0.0234375
0 0.825 0.7359375 0.040625 0.08671875
0 0.4375 0.6640625 0.01640625 0.0234375
0 0.45859375 0.65703125 0.0203125 0.025
0 0.0546875 0.54921875 0.02109375 0.0328125
0 0.39453125 0.60390625 0.0109375 0.02109375