0 0.6421875 0.5390625 0.0703125 0.06953125
0 0.62578125 0.59375 0.05625 0.08125
0 0.48984375 0.63671875 0.03984375 0.078125
0 0.921875 0.65390625 0.05625 0.10859375
0 0.68203125 0.65546875 0.06171875 0.11484375
0 0.28515625 0.6640625 0.08984375 0.13828125
0 0.7390625 0.671875 0.0578125 0.1203125
0 0.78671875 0.67734375 0.04375 0.10234375
0 0.1859375 0.68828125 0.08203125 0.09375
0 0.02109375 0.68984375 0.0421875 0.05390625
0 0.628125 0.69609375 0.05234375 0.13828125
0 0.11328125 0.72109375 0.0640625 0.078125
0 0.49375 0.73671875 0.071875 0.10234375
0 0.16171875 0.8 0.1203125 0.13828125
0 0.93203125 0.828125 0.06171875 0.15078125
0 0.4421875 0.91875 0.05390625 0.1625
0 0.071875 0.94296875 0.06015625 0.11171875
0 0.384375 0.6875 0.06171875 0.10859375
0 0.18203125 0.9375 0.0828125 0.125