0 0.6421875 0.5390625 0.0703125 0.06953125
0 0.62578125 0.59375 0.05625 0.08125
0 0.48984375 0.63671875 0.03984375 0.078125
0 0.921875 0.65390625 0.05625 0.10859375
0 0.68203125 0.65546875 0.06171875 0.11484375
0 0.2890625 0.6609375 0.09921875 0.14453125
0 0.7390625 0.671875 0.0578125 0.1203125
0 0.78671875 0.67734375 0.04375 0.10234375
0 0.1859375 0.68828125 0.08203125 0.09375
0 0.02109375 0.68984375 0.0421875 0.05390625
0 0.628125 0.69609375 0.05234375 0.13828125
0 0.11328125 0.72109375 0.0640625 0.078125
0 0.49375 0.73671875 0.071875 0.10234375
0 0.16171875 0.8 0.1203125 0.13828125
0 0.93203125 0.828125 0.06171875 0.15078125
0 0.4421875 0.91875 0.05390625 0.1625
0 0.0734375 0.93984375 0.0625 0.1171875
0 0.9875 0.63203125 0.025 0.1046875
0 0.98828125 0.87890625 0.0234375 0.075
0 0.8171875 0.57890625 0.03125 0.0484375
0 0.7890625 0.590625 0.028125 0.0484375
0 0.75703125 0.5921875 0.034375 0.0453125
0 0.3796875 0.6921875 0.0671875 0.09609375
0 0.39296875 0.73828125 0.04375 0.0515625
0 0.56484375 0.703125 0.046875 0.08203125
0 0.97890625 0.57109375 0.0265625 0.03515625
0 0.86953125 0.6609375 0.03203125 0.1453125
0 0.8359375 0.60625 0.0296875 0.0421875
0 0.0078125 0.7921875 0.015625 0.1328125
0 0.071875 0.840625 0.03984375 0.0453125
0 0.2546875 0.80703125 0.034375 0.0390625
0 0.20703125 0.7328125 0.06875 0.07265625
0 0.0796875 0.66015625 0.02734375 0.040625
0 0.0140625 0.63984375 0.01796875 0.028125
0 0.02421875 0.75625 0.02734375 0.07265625
0 0.978125 0.540625 0.02734375 0.025
0 0.18203125 0.9515625 0.0640625 0.096875
0 0.4140625 0.6609375 0.03828125 0.0578125
0 0.09453125 0.634375 0.0171875 0.03125
0 0.2046875 0.63125 0.01875 0.02265625
0 0.16875 0.61875 0.01640625 0.02265625