0 0.6421875 0.5390625 0.06953125 0.0703125
0 0.62578125 0.59296875 0.05703125 0.08203125
0 0.48984375 0.6375 0.040625 0.078125
0 0.921875 0.65390625 0.05625 0.1078125
0 0.68203125 0.65546875 0.06171875 0.115625
0 0.28515625 0.6640625 0.0890625 0.13984375
0 0.7390625 0.671875 0.05859375 0.11875
0 0.78671875 0.67734375 0.04375 0.103125
0 0.1859375 0.68828125 0.0828125 0.0921875
0 0.0203125 0.68828125 0.03984375 0.0515625
0 0.628125 0.69609375 0.05234375 0.13828125
0 0.11328125 0.721875 0.06328125 0.078125
0 0.49453125 0.7359375 0.07265625 0.1015625
0 0.1625 0.8 0.12109375 0.1375
0 0.93203125 0.82734375 0.0625 0.14921875
0 0.4421875 0.91875 0.0546875 0.1625
0 0.071875 0.94296875 0.06015625 0.1125