0 0.26953125 0.8171875 0.309375 0.1921875
0 0.8515625 0.74609375 0.29375 0.253125
0 0.1234375 0.56875 0.1625 0.0796875
0 0.22734375 0.37734375 0.225 0.1328125
0 0.4671875 0.3390625 0.1921875 0.1203125
0 0.26484375 0.67421875 0.2734375 0.1375
0 0.603125 0.690625 0.2328125 0.1328125
0 0.92890625 0.50078125 0.1421875 0.1796875
0 0.34609375 0.55390625 0.20625 0.1421875
0 0.8515625 0.43671875 0.2375 0.1640625
0 0.059375 0.37734375 0.1140625 0.08125
0 0.52421875 0.40078125 0.1453125 0.09375
0 0.034375 0.46171875 0.06875 0.06875
0 0.56796875 0.5515625 0.2984375 0.1671875
0 0.62265625 0.4609375 0.0546875 0.0484375
0 0.115625 0.47734375 0.0734375 0.0484375
0 0.27109375 0.44453125 0.0703125 0.0484375
0 0.1109375 0.396875 0.0765625 0.04375
0 0.49296875 0.64609375 0.1390625 0.0484375
0 0.8015625 0.57109375 0.0828125 0.04375
0 0.72734375 0.55625 0.034375 0.03125
0 0.77890625 0.49765625 0.059375 0.034375
0 0.4921875 0.47265625 0.0609375 0.034375
0 0.01953125 0.5609375 0.0359375 0.0265625
0 0.30625 0.61640625 0.0890625 0.05