0 0.25859375 0.66484375 0.20625 0.275
0 0.41171875 0.659375 0.13515625 0.24296875
0 0.11171875 0.678125 0.11640625 0.18359375
0 0.13359375 0.86796875 0.12890625 0.190625
0 0.5265625 0.88671875 0.27578125 0.22578125
0 0.6078125 0.77421875 0.14453125 0.17421875
0 0.67265625 0.6640625 0.13203125 0.1796875
0 0.7984375 0.58984375 0.1015625 0.134375
0 0.89140625 0.92734375 0.2171875 0.1453125
0 0.93828125 0.5328125 0.0625 0.10078125
0 0.621875 0.52890625 0.08671875 0.13515625
0 0.5453125 0.6640625 0.08984375 0.096875
0 0.18046875 0.4328125 0.06171875 0.0921875
0 0.06484375 0.584375 0.11953125 0.121875
0 0.2984375 0.471875 0.0703125 0.0875
0 0.3390625 0.39765625 0.0765625 0.0921875
0 0.45234375 0.4953125 0.06875 0.08203125
0 0.53671875 0.48359375 0.04453125 0.07890625
0 0.56796875 0.53046875 0.0375 0.08203125
0 0.8390625 0.440625 0.07109375 0.103125
0 0.72265625 0.33046875 0.05546875 0.065625