0 0.534375 0.48828125 0.059375 0.1078125
0 0.44375 0.50234375 0.075 0.1078125
0 0.765625 0.50703125 0.103125 0.1125
0 0.625 0.525 0.096875 0.1328125
0 0.9390625 0.5328125 0.06875 0.121875
0 0.0671875 0.58203125 0.134375 0.15078125
0 0.7953125 0.5890625 0.1 0.1453125
0 0.4171875 0.65 0.15625 0.28203125
0 0.26171875 0.66875 0.23125 0.30625
0 0.66875 0.65 0.14765625 0.1796875
0 0.1171875 0.659375 0.1734375 0.19140625
0 0.1375 0.8765625 0.178125 0.246875
0 0.8265625 0.878125 0.271875 0.24375
0 0.49453125 0.8515625 0.3828125 0.296875
0 0.040625 0.178125 0.046875 0.0609375
0 0.8171875 0.20859375 0.046875 0.0703125
0 0.3984375 0.265625 0.059375 0.0796875
0 0.540625 0.27734375 0.05 0.075
0 0.0890625 0.32421875 0.059375 0.075
0 0.9078125 0.3265625 0.059375 0.065625
0 0.721875 0.33125 0.078125 0.084375
0 0.38125 0.34296875 0.065625 0.0890625
0 0.828125 0.35 0.065625 0.0703125
0 0.9734375 0.396875 0.053125 0.0890625
0 0.2453125 0.38828125 0.065625 0.1
0 0.3375 0.39453125 0.065625 0.10390625
0 0.5796875 0.39296875 0.06640625 0.09921875
0 0.9171875 0.4109375 0.0625 0.084375
0 0.17890625 0.41328125 0.1 0.103125
0 0.4453125 0.41875 0.08203125 0.1015625
0 0.8375 0.43671875 0.08125 0.103125
0 0.98125 0.45546875 0.0375 0.084375
0 0.8828125 0.90703125 0.2328125 0.1859375
0 0.9640625 0.7140625 0.071875 0.14921875
0 0.8515625 0.6328125 0.084375 0.1125
0 0.63671875 0.76015625 0.18828125 0.20078125
0 0.34921875 0.83984375 0.2265625 0.3203125
0 0.2140625 0.915625 0.090625 0.16875
0 0.52265625 0.5984375 0.09453125 0.0984375
0 0.89140625 0.4421875 0.02890625 0.06875
0 0.9703125 0.55859375 0.059375 0.0734375
0 0.15078125 0.50234375 0.1109375 0.11875
0 0.25234375 0.4578125 0.046875 0.08359375
0 0.296875 0.465625 0.0796875 0.08515625
0 0.5328125 0.4125 0.059375 0.06484375
0 0.61640625 0.40390625 0.03828125 0.065625
0 0.69375 0.5 0.05703125 0.059375
0 0.68671875 0.5421875 0.0640625 0.065625
0 0.721875 0.42890625 0.0515625 0.06875
0 0.6796875 0.44609375 0.0625 0.05
0 0.2265625 0.25390625 0.040625 0.06328125
0 0.56875 0.31640625 0.0421875 0.0578125
0 0.5359375 0.35 0.0375 0.04375
0 0.321875 0.26328125 0.053125 0.078125
0 0.284375 0.22109375 0.0390625 0.0515625
0 0.1828125 0.23515625 0.0453125 0.0609375
0 0.159375 0.35859375 0.065625 0.084375
0 0.20546875 0.33984375 0.0484375 0.06484375
0 0.028125 0.32734375 0.0546875 0.07109375
0 0.0640625 0.47421875 0.0640625 0.0609375
0 0.16328125 0.515625 0.103125 0.1046875
0 0.44453125 0.25859375 0.04375 0.0734375
0 0.53125 0.20546875 0.04140625 0.053125
0 0.58515625 0.24921875 0.04296875 0.0609375
0 0.56796875 0.31484375 0.0453125 0.0484375
0 0.61875 0.2734375 0.0390625 0.0484375
0 0.609375 0.3125 0.03046875 0.05
0 0.6703125 0.2421875 0.046875 0.05546875
0 0.80703125 0.30703125 0.03671875 0.071875
0 0.85625 0.31328125 0.0359375 0.05546875
0 0.04296875 0.23671875 0.05078125 0.06171875
0 0.83125 0.7296875 0.165625 0.12109375