0 0.53515625 0.4875 0.0609375 0.1078125
0 0.44296875 0.503125 0.075 0.10625
0 0.765625 0.5078125 0.10234375 0.1125
0 0.63046875 0.5203125 0.109375 0.14140625
0 0.9390625 0.5328125 0.0671875 0.1234375
0 0.0671875 0.57578125 0.134375 0.1640625
0 0.7953125 0.59921875 0.1 0.12734375
0 0.4171875 0.65078125 0.15625 0.28046875
0 0.2578125 0.66015625 0.2125 0.290625
0 0.67265625 0.66328125 0.128125 0.1765625
0 0.11640625 0.68203125 0.16171875 0.209375
0 0.146875 0.8578125 0.159375 0.284375
0 0.834375 0.88984375 0.253125 0.2203125
0 0.5171875 0.8921875 0.34140625 0.215625
0 0.03984375 0.1796875 0.0453125 0.059375
0 0.8171875 0.2078125 0.046875 0.06796875
0 0.39765625 0.265625 0.0609375 0.07734375
0 0.540625 0.278125 0.04921875 0.075
0 0.0890625 0.3234375 0.059375 0.07265625
0 0.90859375 0.32578125 0.0609375 0.065625
0 0.72265625 0.33046875 0.07734375 0.0828125
0 0.38125 0.3421875 0.065625 0.08984375
0 0.828125 0.35 0.065625 0.06953125
0 0.971875 0.39453125 0.05625 0.084375
0 0.246875 0.396875 0.0703125 0.1015625
0 0.3375 0.39765625 0.0671875 0.0984375
0 0.58359375 0.40390625 0.0734375 0.09453125
0 0.91796875 0.41171875 0.0609375 0.08203125
0 0.1890625 0.41953125 0.08515625 0.10390625
0 0.44296875 0.42109375 0.0875 0.09921875
0 0.83828125 0.43671875 0.08125 0.10390625
0 0.9796875 0.45078125 0.040625 0.084375