0 0.534375 0.48828125 0.059375 0.1078125
0 0.44375 0.50234375 0.075 0.1078125
0 0.765625 0.50703125 0.103125 0.1125
0 0.63125 0.52109375 0.109375 0.140625
0 0.9390625 0.5328125 0.06875 0.121875
0 0.0671875 0.575 0.134375 0.1640625
0 0.7953125 0.5984375 0.1 0.1265625
0 0.4171875 0.65 0.15625 0.28203125
0 0.2578125 0.659375 0.2125 0.29140625
0 0.671875 0.6640625 0.128125 0.178125
0 0.1171875 0.68046875 0.1625 0.2109375
0 0.1453125 0.85625 0.159375 0.2875
0 0.8359375 0.88984375 0.253125 0.2203125
0 0.5171875 0.8921875 0.340625 0.215625
0 0.040625 0.178125 0.046875 0.0609375
0 0.8171875 0.20859375 0.046875 0.0703125
0 0.3984375 0.265625 0.059375 0.0796875
0 0.540625 0.27734375 0.05 0.075
0 0.0890625 0.32421875 0.059375 0.075
0 0.9078125 0.3265625 0.059375 0.065625
0 0.721875 0.33125 0.078125 0.084375
0 0.38125 0.34296875 0.065625 0.0890625
0 0.828125 0.35 0.065625 0.0703125
0 0.9734375 0.396875 0.053125 0.0890625
0 0.246875 0.396875 0.06875 0.103125
0 0.3375 0.396875 0.065625 0.0984375
0 0.584375 0.40390625 0.075 0.09375
0 0.9171875 0.4109375 0.0625 0.084375
0 0.1890625 0.4203125 0.084375 0.103125
0 0.4421875 0.4203125 0.0875 0.0984375
0 0.8375 0.43671875 0.08125 0.103125
0 0.98125 0.45546875 0.0375 0.084375