0 0.39453125 0.75625 0.06875 0.10625
0 0.48203125 0.8734375 0.06015625 0.103125
0 0.78984375 0.94375 0.075 0.1125
0 0.80234375 0.63125 0.05 0.075
0 0.63203125 0.678125 0.05625 0.08125
0 0.73515625 0.6390625 0.04609375 0.071875
0 0.35625 0.6296875 0.04609375 0.059375
0 0.134375 0.66875 0.04375 0.05625
0 0.05859375 0.6828125 0.04140625 0.059375
0 0.22265625 0.703125 0.05390625 0.0625
0 0.25390625 0.6046875 0.0375 0.046875
0 0.87109375 0.665625 0.05 0.0875
0 0.96484375 0.63125 0.04609375 0.10625
0 0.83828125 0.725 0.06015625 0.09375
0 0.58515625 0.7484375 0.0375 0.071875
0 0.509375 0.6734375 0.06015625 0.071875
0 0.45703125 0.6921875 0.05625 0.084375
0 0.52109375 0.6125 0.0375 0.05625
0 0.58046875 0.5953125 0.03125 0.046875
0 0.18046875 0.6484375 0.04375 0.059375
0 0.46640625 0.628125 0.05390625 0.06875
0 0.69375 0.6703125 0.04609375 0.078125