0 0.8453125 0.14765625 0.30625 0.2953125
0 0.14375 0.5046875 0.284375 0.25
0 0.51328125 0.09765625 0.23125 0.153125
0 0.50390625 0.49921875 0.5109375 0.4078125
0 0.07734375 0.20625 0.1546875 0.246875
0 0.28359375 0.82421875 0.5671875 0.3453125
0 0.3296875 0.16328125 0.1625 0.125
0 0.96484375 0.4171875 0.065625 0.0625
0 0.77109375 0.334375 0.196875 0.153125
0 0.17421875 0.20078125 0.1109375 0.125
0 0.94140625 0.33984375 0.1171875 0.0734375
0 0.6390625 0.284375 0.1 0.0828125
0 0.321875 0.2796875 0.1265625 0.090625
0 0.19765625 0.2953125 0.1 0.0640625