0 0.48359375 0.9234375 0.12421875 0.140625
0 0.75625 0.915625 0.1265625 0.16875
0 0.9609375 0.8421875 0.078125 0.171875
0 0.828125 0.7390625 0.08671875 0.121875
0 0.915625 0.66875 0.0609375 0.0875
0 0.39921875 0.646875 0.06328125 0.08125
0 0.4734375 0.7125 0.0609375 0.0875
0 0.57109375 0.6875 0.065625 0.10625
0 0.28359375 0.784375 0.0890625 0.10625
0 0.1625 0.7296875 0.07265625 0.096875
0 0.08984375 0.640625 0.06328125 0.09375
0 0.96953125 0.56875 0.0515625 0.0625
0 0.903125 0.5921875 0.04453125 0.065625
0 0.7328125 0.58125 0.0421875 0.05625
0 0.6203125 0.5984375 0.0421875 0.065625
0 0.5078125 0.5921875 0.046875 0.065625
0 0.309375 0.6078125 0.046875 0.059375
0 0.03984375 0.6234375 0.0515625 0.065625
0 0.14140625 0.8625 0.06328125 0.08125
0 0.25859375 0.95 0.11484375 0.1
0 0.7046875 0.7625 0.1078125 0.1125
0 0.4671875 0.571875 0.03046875 0.04375
0 0.43125 0.5828125 0.0375 0.040625