0 0.684375 0.690625 0.16015625 0.24375
0 0.43984375 0.69375 0.07109375 0.11875
0 0.53359375 0.6140625 0.06640625 0.121875
0 0.83984375 0.6125 0.05859375 0.11875
0 0.93046875 0.6609375 0.06484375 0.128125
0 0.89453125 0.7875 0.14375 0.225
0 0.54296875 0.8671875 0.16484375 0.228125
0 0.31171875 0.8109375 0.13125 0.190625
0 0.14921875 0.884375 0.14765625 0.20625
0 0.17734375 0.6609375 0.0625 0.109375
0 0.065625 0.8125 0.07734375 0.14375
0 0.34296875 0.6 0.03984375 0.05625
0 0.06953125 0.6421875 0.06015625 0.115625