0 0.61953125 0.315625 0.040625 0.05546875
0 0.6953125 0.35234375 0.040625 0.0625
0 0.08125 0.4515625 0.1078125 0.23515625
0 0.8296875 0.503125 0.08671875 0.11484375
0 0.6421875 0.23984375 0.06171875 0.09375
0 0.7015625 0.27890625 0.0546875 0.078125
0 0.59375 0.26328125 0.05234375 0.1359375
0 0.73125 0.6203125 0.0234375 0.0390625
0 0.721875 0.521875 0.02109375 0.03828125
0 0.725 0.19609375 0.05 0.05390625
0 0.64140625 0.13359375 0.040625 0.09765625
0 0.6859375 0.4125 0.03125 0.0515625
0 0.2609375 0.2015625 0.0609375 0.065625
0 0.41015625 0.4140625 0.1109375 0.1390625
0 0.3328125 0.34296875 0.0703125 0.1234375
0 0.38125 0.3015625 0.05390625 0.04921875