0 0.246875 0.584375 0.19765625 0.2875
0 0.503125 0.5578125 0.18984375 0.265625
0 0.73203125 0.5453125 0.14765625 0.184375
0 0.675 0.4484375 0.05390625 0.078125
0 0.82578125 0.478125 0.06484375 0.08125
0 0.090625 0.4984375 0.08984375 0.121875
0 0.2125 0.434375 0.07890625 0.09375
0 0.4875 0.384375 0.02890625 0.04375
0 0.67890625 0.390625 0.04609375 0.05
0 0.78828125 0.4296875 0.03984375 0.059375
0 0.92734375 0.409375 0.03359375 0.05
0 0.30625 0.3921875 0.025 0.040625
0 0.09375 0.3921875 0.03359375 0.040625
0 0.41015625 0.3921875 0.03359375 0.040625
0 0.97890625 0.46875 0.04140625 0.09375