0 0.19140625 0.8296875 0.178125 0.215625
0 0.6953125 0.68046875 0.096875 0.1125
0 0.946875 0.7296875 0.103125 0.1484375
0 0.82734375 0.93515625 0.1 0.1265625
0 0.43515625 0.68125 0.090625 0.121875
0 0.8484375 0.73828125 0.0953125 0.1453125
0 0.51640625 0.8671875 0.1046875 0.175
0 0.6453125 0.8828125 0.0890625 0.153125
0 0.03125 0.86953125 0.0625 0.2171875
0 0.77109375 0.5515625 0.05625 0.0671875
0 0.01640625 0.565625 0.0328125 0.0671875
0 0.26796875 0.61015625 0.0390625 0.0546875
0 0.2640625 0.74765625 0.071875 0.1046875
0 0.42734375 0.59921875 0.0546875 0.0671875
0 0.07890625 0.56171875 0.05625 0.0765625
0 0.1125 0.74296875 0.05 0.065625
0 0.35546875 0.54765625 0.0375 0.0671875
0 0.39609375 0.55234375 0.04375 0.0625
0 0.58671875 0.9734375 0.09375 0.05
0 0.453125 0.5625 0.0359375 0.0578125
0 0.1453125 0.5171875 0.0375 0.0453125
0 0.1515625 0.58359375 0.04375 0.05
0 0.5640625 0.55859375 0.034375 0.0703125
0 0.6328125 0.59765625 0.0265625 0.0375
0 0.20703125 0.61640625 0.0359375 0.0546875
0 0.71328125 0.5328125 0.028125 0.0484375
0 0.25390625 0.52734375 0.0390625 0.05625
0 0.6296875 0.52578125 0.034375 0.040625
0 0.68515625 0.54453125 0.0359375 0.065625
0 0.94140625 0.490625 0.0375 0.040625
0 0.88671875 0.51640625 0.0265625 0.0390625
0 0.590625 0.57734375 0.025 0.028125
0 0.1234375 0.5703125 0.0421875 0.0609375
0 0.71484375 0.9 0.03125 0.05625
0 0.28515625 0.509375 0.0265625 0.0375
0 0.40859375 0.51328125 0.03125 0.0375
0 0.0546875 0.4796875 0.0359375 0.0390625
0 0.06484375 0.51640625 0.028125 0.0359375
0 0.23203125 0.51328125 0.0328125 0.0421875
0 0.1921875 0.5375 0.0359375 0.04375
0 0.40078125 0.878125 0.0765625 0.1984375
0 0.27421875 0.4734375 0.0296875 0.0421875
0 0.328125 0.80078125 0.046875 0.0671875
0 0.1 0.54921875 0.0359375 0.0515625
0 0.2125 0.584375 0.034375 0.05
0 0.28359375 0.55703125 0.0328125 0.0484375
0 0.58984375 0.5609375 0.01875 0.015625
0 0.63046875 0.54765625 0.0125 0.0390625
0 0.67734375 0.5171875 0.0421875 0.0328125
0 0.734375 0.53828125 0.015625 0.0328125
0 0.740625 0.5234375 0.0203125 0.0296875
0 0.75703125 0.509375 0.0265625 0.0359375
0 0.78125 0.49921875 0.0125 0.0296875
0 0.7953125 0.5171875 0.01875 0.0265625
0 0.94921875 0.52265625 0.0265625 0.0359375
0 0.9234375 0.53515625 0.034375 0.06875
0 0.97734375 0.48203125 0.0203125 0.0328125
0 0.99453125 0.47109375 0.0109375 0.0359375
0 0.94140625 0.4671875 0.015625 0.0140625
0 0.8625 0.51640625 0.025 0.046875
0 0.8375 0.56328125 0.028125 0.0359375
0 0.840625 0.52578125 0.0296875 0.04375
0 0.8 0.48046875 0.015625 0.021875
0 0.83984375 0.47890625 0.015625 0.025
0 0.8359375 0.4640625 0.01875 0.025
0 0.87890625 0.47890625 0.0171875 0.025
0 0.75390625 0.4828125 0.0234375 0.0296875
0 0.76484375 0.46953125 0.0171875 0.0265625
0 0.76953125 0.48125 0.0109375 0.015625
0 0.7921875 0.46328125 0.0125 0.0265625
0 0.80625 0.46328125 0.0125 0.021875
0 0.81875 0.48671875 0.0125 0.0203125
0 0.81640625 0.4578125 0.0125 0.0203125
0 0.65390625 0.57265625 0.028125 0.046875
0 0.71640625 0.48046875 0.0203125 0.028125
0 0.73671875 0.46796875 0.0125 0.0265625
0 0.67734375 0.48984375 0.0203125 0.0234375
0 0.709375 0.465625 0.0125 0.0171875
0 0.71875 0.45390625 0.0109375 0.01875
0 0.65546875 0.49140625 0.0109375 0.0171875
0 0.64375 0.4953125 0.01875 0.0328125
0 0.58203125 0.496875 0.0203125 0.0296875
0 0.534375 0.5859375 0.0203125 0.0515625
0 0.53828125 0.52734375 0.0203125 0.0296875
0 0.50703125 0.48125 0.021875 0.028125
0 0.525 0.49921875 0.015625 0.03125
0 0.5390625 0.471875 0.0140625 0.025
0 0.546875 0.484375 0.01875 0.0234375
0 0.5859375 0.47265625 0.0171875 0.0296875
0 0.48359375 0.4921875 0.021875 0.0328125
0 0.48359375 0.53125 0.0359375 0.0609375
0 0.459375 0.50390625 0.021875 0.03125
0 0.43671875 0.48359375 0.015625 0.0234375
0 0.3796875 0.5234375 0.0203125 0.0359375
0 0.3484375 0.51484375 0.015625 0.028125
0 0.3296875 0.5078125 0.0203125 0.028125
0 0.34609375 0.4890625 0.01875 0.0234375
0 0.31875 0.4875 0.015625 0.021875
0 0.33984375 0.45546875 0.0171875 0.0203125
0 0.37265625 0.446875 0.0171875 0.0234375
0 0.40546875 0.48046875 0.0140625 0.028125
0 0.41171875 0.4703125 0.0125 0.0203125
0 0.29453125 0.48984375 0.009375 0.0203125
0 0.234375 0.48828125 0.0171875 0.0234375
0 0.20390625 0.4859375 0.028125 0.040625
0 0.16953125 0.475 0.0203125 0.0296875
0 0.14296875 0.47890625 0.025 0.03125
0 0.16171875 0.459375 0.01875 0.021875
0 0.09453125 0.48515625 0.021875 0.025
0 0.10859375 0.45703125 0.021875 0.028125
0 0.09609375 0.45 0.009375 0.01875
0 0.10390625 0.440625 0.0125 0.0140625
0 0.14765625 0.43828125 0.0125 0.0203125
0 0.0078125 0.49765625 0.015625 0.03125
0 0.02734375 0.4875 0.015625 0.01875
0 0.025 0.46796875 0.0125 0.0171875
0 0.009375 0.46796875 0.0171875 0.021875
0 0.0265625 0.45 0.0140625 0.01875
0 0.065625 0.4578125 0.01875 0.0234375
0 0.0796875 0.45234375 0.0125 0.0203125
0 0.0515625 0.4421875 0.0140625 0.01875
0 0.19453125 0.43984375 0.015625 0.021875
0 0.178125 0.43984375 0.0125 0.0203125
0 0.16796875 0.434375 0.0140625 0.01875
0 0.19453125 0.41328125 0.0140625 0.0171875
0 0.21484375 0.428125 0.0140625 0.01875
0 0.21640625 0.44140625 0.0125 0.0140625
0 0.23046875 0.453125 0.0140625 0.0171875
0 0.25390625 0.471875 0.0109375 0.0171875
0 0.2484375 0.4515625 0.009375 0.0140625
0 0.2625 0.4359375 0.0109375 0.01875
0 0.2734375 0.440625 0.009375 0.0109375
0 0.27421875 0.42890625 0.009375 0.0109375
0 0.290625 0.43046875 0.0140625 0.021875
0 0.30625 0.43046875 0.0125 0.01875
0 0.31171875 0.4359375 0.0140625 0.021875
0 0.3125 0.46015625 0.0140625 0.021875
0 0.33203125 0.43671875 0.0140625 0.0203125
0 0.32109375 0.4265625 0.0109375 0.0171875
0 0.35703125 0.43515625 0.0140625 0.0203125
0 0.3765625 0.421875 0.015625 0.0203125
0 0.44453125 0.44296875 0.015625 0.0234375
0 0.421875 0.4546875 0.0125 0.01875
0 0.42421875 0.47265625 0.009375 0.021875
0 0.5203125 0.4734375 0.0109375 0.0203125
0 0.48515625 0.4734375 0.0125 0.015625
0 0.48671875 0.46171875 0.009375 0.009375
0 0.46328125 0.47890625 0.0125 0.0171875
0 0.45546875 0.43984375 0.0140625 0.021875
0 0.4796875 0.440625 0.0140625 0.0234375
0 0.4796875 0.42421875 0.009375 0.0125
0 0.51015625 0.434375 0.0125 0.03125
0 0.51953125 0.43125 0.0125 0.021875
0 0.5234375 0.4203125 0.0078125 0.0140625
0 0.53203125 0.45546875 0.0109375 0.01875
0 0.56796875 0.45546875 0.0125 0.0203125
0 0.5484375 0.42890625 0.0140625 0.021875
0 0.5578125 0.4296875 0.0109375 0.01875
0 0.57578125 0.43203125 0.0125 0.015625
0 0.59375 0.43203125 0.0125 0.01875
0 0.60078125 0.4390625 0.015625 0.021875
0 0.6484375 0.4421875 0.015625 0.0203125
0 0.625 0.4828125 0.0109375 0.0203125
0 0.40859375 0.43203125 0.0125 0.0265625
0 0.396875 0.42890625 0.0109375 0.0203125
0 0.67265625 0.4609375 0.0125 0.0203125
0 0.6609375 0.46484375 0.0125 0.0203125
0 0.73671875 0.4359375 0.0125 0.0203125
0 0.753125 0.415625 0.0125 0.01875
0 0.765625 0.44140625 0.0078125 0.0125
0 0.76484375 0.428125 0.0078125 0.0140625
0 0.7703125 0.415625 0.0125 0.0140625
0 0.78203125 0.4265625 0.0125 0.0171875
0 0.79375 0.41796875 0.0109375 0.0171875
0 0.8203125 0.41953125 0.009375 0.015625
0 0.82265625 0.43828125 0.0109375 0.0171875
0 0.80703125 0.43359375 0.0109375 0.0171875
0 0.815625 0.4328125 0.009375 0.0125
0 0.84453125 0.4234375 0.0125 0.01875
0 0.84140625 0.4171875 0.0140625 0.021875
0 0.8296875 0.4359375 0.0078125 0.0171875
0 0.8890625 0.43359375 0.0140625 0.0203125
0 0.8703125 0.42734375 0.0109375 0.0140625
0 0.934375 0.4296875 0.0171875 0.028125
0 0.94921875 0.42734375 0.015625 0.025
0 0.9125 0.4265625 0.0109375 0.0140625
0 0.90546875 0.4890625 0.0171875 0.03125