0 0.1 0.22265625 0.2 0.2375
0 0.19453125 0.14453125 0.16796875 0.2671875
0 0.33515625 0.1 0.14453125 0.18984375
0 0.0328125 0.36796875 0.065625 0.2140625
0 0.41875 0.21171875 0.203125 0.12578125
0 0.09375 0.64765625 0.1875 0.3765625
0 0.2953125 0.509375 0.228125 0.375
0 0.453125 0.603125 0.225 0.31953125
0 0.35625 0.7984375 0.240625 0.353125
0 0.20546875 0.359375 0.0625 0.1796875
0 0.6015625 0.359375 0.06875 0.2765625
0 0.68828125 0.253125 0.13125 0.12734375
0 0.77109375 0.35546875 0.21796875 0.17578125
0 0.8625 0.24453125 0.1421875 0.16953125
0 0.95390625 0.2265625 0.0921875 0.240625
0 0.8609375 0.49921875 0.209375 0.25078125
0 0.61484375 0.678125 0.21640625 0.30625
0 0.75390625 0.82578125 0.20078125 0.334375
0 0.9140625 0.7921875 0.17109375 0.2640625
0 0.85390625 0.9421875 0.1234375 0.115625
0 0.50859375 0.896875 0.2671875 0.20625
0 0.290625 0.96640625 0.1171875 0.0671875
0 0.74609375 0.56875 0.115625 0.0734375
0 0.603125 0.4890625 0.1234375 0.128125
0 0.1765625 0.52109375 0.0859375 0.35703125
0 0.059375 0.87578125 0.11875 0.1265625