0 0.28125 0.3625 0.1578125 0.1640625
0 0.94453125 0.42421875 0.1078125 0.2046875
0 0.59453125 0.3734375 0.1765625 0.178125
0 0.78984375 0.35 0.1578125 0.1671875
0 0.42578125 0.33984375 0.109375 0.125
0 0.10703125 0.32421875 0.084375 0.125
0 0.7390625 0.2375 0.109375 0.09375
0 0.40546875 0.2625 0.0875 0.0890625
0 0.1734375 0.35703125 0.1078125 0.1453125
0 0.01875 0.328125 0.0375 0.0921875
0 0.60546875 0.25703125 0.0875 0.078125
0 0.196875 0.26875 0.0828125 0.0578125
0 0.50703125 0.353125 0.1015625 0.1484375
0 0.94453125 0.24765625 0.103125 0.0875
0 0.69140625 0.35078125 0.09375 0.15625
0 0.9640625 0.27578125 0.0703125 0.0796875
0 0.0109375 0.4078125 0.021875 0.1
0 0.64921875 0.2734375 0.0796875 0.0625
0 0.88828125 0.34375 0.084375 0.14375
0 0.2375 0.28828125 0.075 0.053125
0 0.5 0.2796875 0.0890625 0.0484375
0 0.97578125 0.29765625 0.0484375 0.0828125
0 0.865625 0.26640625 0.06875 0.059375
0 0.815625 0.2546875 0.046875 0.025