0 0.7953125 0.31484375 0.1890625 0.275
0 0.93671875 0.5734375 0.1203125 0.1671875
0 0.23125 0.33828125 0.21875 0.3046875
0 0.603125 0.27265625 0.2109375 0.3046875
0 0.7265625 0.6515625 0.0625 0.103125
0 0.19453125 0.65859375 0.0546875 0.078125
0 0.21875 0.58125 0.0921875 0.1453125
0 0.04140625 0.68671875 0.0390625 0.0671875
0 0.51484375 0.5546875 0.0578125 0.0828125
0 0.4015625 0.57734375 0.1 0.153125
0 0.13828125 0.66328125 0.05625 0.08125
0 0.89453125 0.65703125 0.0796875 0.09375
0 0.78125 0.70546875 0.04375 0.08125
0 0.9546875 0.6703125 0.0484375 0.059375
0 0.328125 0.634375 0.0578125 0.0734375
0 0.4296875 0.34921875 0.1515625 0.2078125
0 0.30234375 0.68515625 0.0234375 0.028125
0 0.35703125 0.67734375 0.028125 0.0390625
0 0.81328125 0.6703125 0.0421875 0.0671875
0 0.415625 0.68828125 0.028125 0.05
0 0.56328125 0.65625 0.05 0.1
0 0.50078125 0.6203125 0.059375 0.071875
0 0.01015625 0.62578125 0.0203125 0.078125
0 0.21640625 0.709375 0.0328125 0.05
0 0.1921875 0.73515625 0.021875 0.0375
0 0.39609375 0.65703125 0.046875 0.0453125
0 0.4234375 0.715625 0.015625 0.0234375
0 0.6875 0.70625 0.0171875 0.0203125
0 0.83125 0.725 0.0265625 0.040625
0 0.99609375 0.68203125 0.0078125 0.0296875