0 0.1421875 0.8671875 0.278125 0.1640625
0 0.43359375 0.60234375 0.3046875 0.16875
0 0.43359375 0.1265625 0.3046875 0.1703125
0 0.1421875 0.38828125 0.278125 0.1640625
0 0.70859375 0.9265625 0.2640625 0.14375
0 0.634375 0.2078125 0.2046875 0.1140625
0 0.13046875 0.09453125 0.259375 0.15
0 0.0859375 0.2671875 0.171875 0.140625
0 0.91875 0.09453125 0.1578125 0.15
0 0.8578125 0.26640625 0.278125 0.1390625
0 0.43046875 0.30859375 0.2515625 0.128125
0 0.13046875 0.5734375 0.259375 0.1484375
0 0.42890625 0.78671875 0.2484375 0.1265625
0 0.859375 0.74453125 0.275 0.1421875
0 0.0859375 0.7421875 0.171875 0.1375
0 0.9203125 0.390625 0.1546875 0.159375
0 0.634375 0.68515625 0.2046875 0.1171875
0 0.9203125 0.86875 0.1546875 0.159375
0 0.91875 0.5734375 0.1578125 0.1484375
0 0.32265625 0.7265625 0.2078125 0.1078125
0 0.32265625 0.2484375 0.2078125 0.1078125
0 0.94375 0.9875 0.10625 0.021875
0 0.7015625 0.02734375 0.2078125 0.0546875
0 0.71015625 0.45546875 0.265625 0.153125
0 0.13203125 0.98671875 0.175 0.0234375