0 0.340625 0.08203125 0.3109375 0.15625
0 0.209375 0.27734375 0.30625 0.165625
0 0.86328125 0.18203125 0.271875 0.1484375
0 0.8734375 0.87109375 0.25 0.1671875
0 0.5359375 0.859375 0.390625 0.215625
0 0.29375 0.778125 0.3046875 0.153125
0 0.31484375 0.92890625 0.346875 0.140625
0 0.66640625 0.31171875 0.3203125 0.134375
0 0.87578125 0.3953125 0.246875 0.1859375
0 0.46875 0.265625 0.3203125 0.1609375
0 0.509375 0.15546875 0.3234375 0.115625
0 0.13125 0.50859375 0.2625 0.1953125
0 0.68203125 0.046875 0.3109375 0.09375
0 0.64609375 0.6390625 0.2578125 0.1546875
0 0.43203125 0.64140625 0.26875 0.1796875
0 0.09765625 0.9109375 0.1953125 0.175
0 0.0375 0.0546875 0.075 0.109375
0 0.96328125 0.21953125 0.071875 0.1578125
0 0.77734375 0.778125 0.2171875 0.1359375
0 0.72734375 0.23984375 0.3296875 0.159375
0 0.9125 0.684375 0.1703125 0.128125
0 0.6171875 0.7703125 0.2796875 0.1375
0 0.26484375 0.0125 0.13125 0.025
0 0.82890625 0.63125 0.209375 0.1640625
0 0.353125 0.68984375 0.2359375 0.13125
0 0.121875 0.85703125 0.23125 0.1171875
0 0.25234375 0.40078125 0.346875 0.1109375
0 0.83828125 0.5046875 0.175 0.109375
0 0.82890625 0.01875 0.0984375 0.0375
0 0.94140625 0.08125 0.1171875 0.0375