0 0.66640625 0.66640625 0.13125 0.29453125
0 0.80703125 0.5953125 0.08203125 0.2015625
0 0.90703125 0.6671875 0.0828125 0.17109375
0 0.4 0.6359375 0.07109375 0.1296875
0 0.196875 0.61171875 0.0828125 0.14375
0 0.278125 0.7109375 0.09453125 0.134375
0 0.11484375 0.6640625 0.0703125 0.10078125
0 0.046875 0.5859375 0.04375 0.0828125
0 0.6546875 0.4578125 0.05546875 0.11015625
0 0.8734375 0.48984375 0.03125 0.0546875
0 0.040625 0.71796875 0.08046875 0.1453125
0 0.50546875 0.57890625 0.03828125 0.06875
0 0.3015625 0.60234375 0.0546875 0.08359375
0 0.32109375 0.6625 0.04375 0.09140625
0 0.45546875 0.834375 0.040625 0.08671875