0 0.4953125 0.690625 0.35 0.4453125
0 0.859375 0.46171875 0.16640625 0.1609375
0 0.46875 0.3671875 0.08828125 0.128125
0 0.3703125 0.29765625 0.0765625 0.11171875
0 0.23125 0.284375 0.1390625 0.17578125
0 0.22265625 0.49375 0.1421875 0.23046875
0 0.0875 0.39921875 0.09921875 0.11875
0 0.12734375 0.31328125 0.07734375 0.09453125
0 0.65625 0.2859375 0.0875 0.08359375
0 0.61328125 0.33828125 0.0609375 0.05703125
0 0.8328125 0.26171875 0.0546875 0.0671875
0 0.86875 0.24453125 0.05390625 0.0625
0 0.94140625 0.3375 0.07890625 0.0875
0 0.51640625 0.3265625 0.10546875 0.12578125
0 0.57265625 0.24921875 0.05625 0.0890625