0 0.15 0.31875 0.115625 0.1578125
0 0.7390625 0.3203125 0.15390625 0.18125
0 0.48125 0.33671875 0.14609375 0.171875
0 0.62265625 0.45 0.14765625 0.16015625
0 0.87109375 0.471875 0.1703125 0.21796875
0 0.08671875 0.5375 0.07578125 0.10546875
0 0.50703125 0.5578125 0.0921875 0.12265625
0 0.8046875 0.6125 0.16328125 0.1734375
0 0.353125 0.61015625 0.13828125 0.15078125
0 0.1234375 0.64765625 0.0796875 0.11875
0 0.696875 0.6875 0.1296875 0.1421875
0 0.27265625 0.7265625 0.08828125 0.1
0 0.15078125 0.784375 0.1 0.1078125
0 0.64921875 0.81171875 0.1421875 0.20390625
0 0.72734375 0.121875 0.1421875 0.15234375
0 0.26484375 0.1453125 0.115625 0.14296875
0 0.45390625 0.15859375 0.15 0.1546875
0 0.85 0.171875 0.11796875 0.16953125
0 0.3 0.29921875 0.13828125 0.16328125
0 0.94375 0.58984375 0.1125 0.2234375
0 0.8140625 0.3375 0.1359375 0.134375
0 0.90546875 0.70390625 0.09140625 0.09375
0 0.9203125 0.8078125 0.103125 0.11640625
0 0.83125 0.94296875 0.128125 0.1140625
0 0.24609375 0.9640625 0.12890625 0.071875
0 0.2109375 0.9078125 0.06875 0.0546875
0 0.096875 0.96328125 0.09375 0.0734375
0 0.0296875 0.971875 0.05859375 0.05546875
0 0.2125 0.340625 0.09921875 0.128125
0 0.24609375 0.05234375 0.13828125 0.10078125
0 0.5703125 0.06796875 0.06953125 0.0578125
0 0.6609375 0.04375 0.14609375 0.0875
0 0.8 0.0875 0.11640625 0.109375
0 0.89375 0.05078125 0.153125 0.1015625
0 0.9296875 0.11953125 0.1328125 0.13984375
0 0.946875 0.18828125 0.10625 0.1015625
0 0.9796875 0.36171875 0.03984375 0.17890625
0 0.9703125 0.4359375 0.059375 0.0828125
0 0.70546875 0.225 0.096875 0.06484375
0 0.640625 0.30859375 0.128125 0.16640625
0 0.6234375 0.45078125 0.14375 0.146875
0 0.51484375 0.96953125 0.0765625 0.0609375
0 0.60078125 0.97265625 0.09765625 0.0546875