0 0.46328125 0.15078125 0.15390625 0.1484375
0 0.48359375 0.321875 0.14375 0.17890625
0 0.50859375 0.55625 0.09921875 0.1140625
0 0.728125 0.3234375 0.146875 0.17734375
0 0.8671875 0.47421875 0.17265625 0.18125
0 0.9546875 0.5984375 0.08984375 0.20546875
0 0.653125 0.821875 0.1484375 0.175
0 0.70078125 0.6765625 0.115625 0.165625
0 0.15703125 0.32578125 0.12734375 0.165625
0 0.30234375 0.30546875 0.15390625 0.190625
0 0.2640625 0.1421875 0.14921875 0.16796875
0 0.1515625 0.7890625 0.10234375 0.11796875
0 0.1265625 0.64765625 0.0859375 0.10234375
0 0.10390625 0.54453125 0.11875 0.1296875
0 0.2640625 0.72265625 0.0859375 0.10234375
0 0.35546875 0.621875 0.1296875 0.1671875
0 0.8375 0.9421875 0.1765625 0.115625
0 0.803125 0.60390625 0.13671875 0.19296875