0 0.15078125 0.3171875 0.1171875 0.15546875
0 0.7390625 0.3203125 0.1546875 0.1828125
0 0.48046875 0.3375 0.14609375 0.171875
0 0.62265625 0.45078125 0.146875 0.15859375
0 0.87421875 0.46953125 0.1640625 0.2140625
0 0.08671875 0.53828125 0.075 0.10546875
0 0.50625 0.5546875 0.09140625 0.1140625
0 0.80234375 0.609375 0.16875 0.165625
0 0.353125 0.61015625 0.1375 0.15
0 0.11953125 0.64921875 0.0859375 0.115625
0 0.696875 0.6875 0.13046875 0.140625
0 0.27265625 0.72734375 0.0875 0.09921875
0 0.1515625 0.78046875 0.09921875 0.11328125
0 0.64921875 0.81328125 0.1421875 0.20703125
0 0.7265625 0.11796875 0.14296875 0.14609375
0 0.26484375 0.14296875 0.11640625 0.13984375
0 0.45625 0.14765625 0.15390625 0.14453125
0 0.85 0.17265625 0.11875 0.16875
0 0.3 0.29921875 0.13828125 0.16171875