0 0.53046875 0.2359375 0.1640625 0.0953125
0 0.93515625 0.43515625 0.128125 0.115625
0 0.578125 0.703125 0.2625 0.1765625
0 0.23125 0.5703125 0.19375 0.1203125
0 0.8671875 0.41328125 0.1296875 0.096875
0 0.5671875 0.90234375 0.2765625 0.15625
0 0.1578125 0.45703125 0.15 0.0953125
0 0.75078125 0.93046875 0.4390625 0.1359375
0 0.8921875 0.22578125 0.096875 0.0625
0 0.24296875 0.50078125 0.19375 0.0859375
0 0.965625 0.21171875 0.06875 0.06875
0 0.778125 0.1828125 0.0890625 0.053125
0 0.04140625 0.3109375 0.0828125 0.0671875
0 0.14765625 0.24765625 0.08125 0.05
0 0.096875 0.51171875 0.0859375 0.0703125
0 0.12109375 0.1984375 0.0796875 0.059375
0 0.69375 0.184375 0.0640625 0.0421875
0 0.76796875 0.32421875 0.0578125 0.0484375
0 0.1671875 0.41328125 0.1578125 0.0765625
0 0.92421875 0.190625 0.059375 0.0359375
0 0.3046875 0.23046875 0.0859375 0.0609375
0 0.75 0.390625 0.1484375 0.084375
0 0.22890625 0.26171875 0.08125 0.0421875
0 0.046875 0.27421875 0.0921875 0.05
0 0.196875 0.23359375 0.0609375 0.05625
0 0.27421875 0.25625 0.065625 0.046875
0 0.17421875 0.209375 0.05625 0.03125
0 0.4203125 0.165625 0.06875 0.0390625
0 0.41875 0.19765625 0.046875 0.0265625
0 0.365625 0.18671875 0.0484375 0.0359375
0 0.3390625 0.16875 0.0625 0.04375
0 0.2421875 0.19140625 0.059375 0.040625
0 0.278125 0.165625 0.0671875 0.0390625
0 0.325 0.14140625 0.053125 0.03125
0 0.09296875 0.1796875 0.0484375 0.0421875
0 0.0515625 0.190625 0.0546875 0.040625
0 0.0421875 0.1546875 0.0453125 0.025
0 0.09140625 0.1375 0.0546875 0.0375
0 0.13125 0.13828125 0.0578125 0.0328125
0 0.21328125 0.15546875 0.040625 0.0328125
0 0.021875 0.14921875 0.04375 0.0421875
0 0.64765625 0.16484375 0.078125 0.05625
0 0.7328125 0.16015625 0.0515625 0.0359375
0 0.83515625 0.1671875 0.0546875 0.040625
0 0.9796875 0.1234375 0.040625 0.0390625
0 0.9640625 0.1453125 0.04375 0.025
0 0.853125 0.1359375 0.0546875 0.03125
0 0.82890625 0.11328125 0.0484375 0.0328125
0 0.8703125 0.1125 0.0375 0.021875
0 0.88046875 0.1734375 0.0453125 0.0390625
0 0.90859375 0.1328125 0.05 0.0484375
0 0.7796875 0.10859375 0.040625 0.028125
0 0.78125 0.13984375 0.065625 0.0375
0 0.73046875 0.11171875 0.0484375 0.0328125