0 0.81875 0.44140625 0.046875 0.09609375
0 0.9640625 0.52109375 0.05390625 0.09140625
0 0.79296875 0.5359375 0.03984375 0.0359375
0 0.278125 0.76015625 0.04375 0.07109375
0 0.8375 0.78359375 0.040625 0.04609375
0 0.9625 0.80859375 0.034375 0.09453125
0 0.65 0.83515625 0.040625 0.075
0 0.396875 0.878125 0.040625 0.05234375
0 0.94765625 0.9375 0.0359375 0.08671875
0 0.6796875 0.94140625 0.04375 0.07109375
0 0.51015625 0.7703125 0.053125 0.075
0 0.45078125 0.87265625 0.02109375 0.0421875
0 0.1625 0.721875 0.0390625 0.05234375
0 0.34765625 0.60859375 0.02421875 0.04375
0 0.5125 0.9140625 0.02265625 0.05234375