0 0.39375 0.3109375 0.04765625 0.06328125
0 0.03671875 0.3125 0.0421875 0.08125
0 0.1109375 0.31875 0.04765625 0.08125
0 0.18671875 0.34140625 0.04765625 0.07578125
0 0.321875 0.34609375 0.0421875 0.07265625
0 0.6671875 0.34765625 0.03984375 0.06328125
0 0.365625 0.3546875 0.04765625 0.06953125
0 0.4421875 0.3546875 0.05390625 0.06640625
0 0.86171875 0.3546875 0.04375 0.06640625
0 0.753125 0.3703125 0.05625 0.08125
0 0.58984375 0.38671875 0.06015625 0.084375
0 0.50625 0.40625 0.078125 0.11171875
0 0.12890625 0.4078125 0.0640625 0.1
0 0.79609375 0.4125 0.05390625 0.07890625
0 0.028125 0.42890625 0.05625 0.11484375
0 0.69921875 0.44375 0.0640625 0.09375
0 0.91171875 0.47109375 0.1140625 0.12109375
0 0.62265625 0.48671875 0.1 0.171875
0 0.30625 0.52421875 0.12421875 0.19296875
0 0.08828125 0.5375 0.10390625 0.178125
0 0.46796875 0.634375 0.134375 0.171875
0 0.8625 0.65625 0.275 0.3375
0 0.075 0.79921875 0.15 0.4015625
0 0.47109375 0.85625 0.3296875 0.28671875
0 0.6859375 0.2796875 0.0296875 0.0546875