0 0.7609375 0.47421875 0.08125 0.1140625
0 0.96796875 0.53046875 0.0640625 0.10546875
0 0.596875 0.540625 0.059375 0.10390625
0 0.3328125 0.54296875 0.071875 0.18046875
0 0.525 0.5515625 0.121875 0.1921875
0 0.8734375 0.55234375 0.121875 0.171875
0 0.69375 0.67890625 0.128125 0.16796875
0 0.2078125 0.7109375 0.13125 0.403125
0 0.609375 0.8359375 0.34921875 0.328125
0 0.3359375 0.37890625 0.034375 0.06640625
0 0.3953125 0.37890625 0.034375 0.06171875
0 0.65625 0.39375 0.040625 0.06171875
0 0.459375 0.40546875 0.03125 0.06171875
0 0.58125 0.41953125 0.0375 0.06171875
0 0.6234375 0.421875 0.046875 0.07109375
0 0.69765625 0.4265625 0.0578125 0.08828125
0 0.9484375 0.434375 0.06484375 0.0953125
0 0.4015625 0.459375 0.05 0.10390625
0 0.1796875 0.46484375 0.0625 0.1515625
0 0.9625 0.7484375 0.075 0.303125
0 0.9796875 0.375 0.03046875 0.05078125
0 0.88203125 0.4078125 0.03984375 0.05625
0 0.853125 0.4453125 0.059375 0.04921875
0 0.4546875 0.4765625 0.03046875 0.06875
0 0.29453125 0.53046875 0.02890625 0.0546875
0 0.209375 0.3734375 0.0265625 0.0453125
0 0.5609375 0.390625 0.02421875 0.0453125
0 0.27578125 0.36171875 0.028125 0.0421875
0 0.2875 0.4125 0.02890625 0.0578125
0 0.0546875 0.52890625 0.08046875 0.146875