0 0.7609375 0.47421875 0.08125 0.1140625
0 0.9703125 0.5328125 0.059375 0.09921875
0 0.596875 0.540625 0.059375 0.10390625
0 0.3328125 0.54296875 0.071875 0.18046875
0 0.525 0.55234375 0.121875 0.19453125
0 0.86875 0.55703125 0.115625 0.165625
0 0.69375 0.68046875 0.128125 0.165625
0 0.2078125 0.7109375 0.13125 0.403125
0 0.6109375 0.84375 0.346875 0.3125
0 0.3359375 0.37890625 0.034375 0.06640625
0 0.3953125 0.37890625 0.034375 0.06171875
0 0.65625 0.39375 0.040625 0.06171875
0 0.459375 0.40546875 0.03125 0.06171875
0 0.58125 0.41953125 0.0375 0.06171875
0 0.6234375 0.421875 0.046875 0.07109375
0 0.6984375 0.4265625 0.059375 0.09921875
0 0.95 0.43359375 0.0625 0.08515625
0 0.4015625 0.459375 0.05 0.10390625
0 0.1796875 0.46484375 0.0625 0.1515625