0 0.30625 0.528125 0.12734375 0.16796875
0 0.51015625 0.4046875 0.0765625 0.1046875
0 0.615625 0.4796875 0.0890625 0.134375
0 0.87421875 0.678125 0.24140625 0.33984375
0 0.46640625 0.87421875 0.3109375 0.2515625
0 0.06640625 0.7984375 0.125 0.39921875
0 0.13125 0.40703125 0.06953125 0.084375
0 0.1875 0.35234375 0.04921875 0.06015625
0 0.2875 0.31640625 0.0375 0.06015625
0 0.1171875 0.32578125 0.0515625 0.06328125
0 0.3953125 0.3203125 0.04921875 0.07109375
0 0.44375 0.36328125 0.05703125 0.08828125
0 0.590625 0.384375 0.0671875 0.10390625
0 0.6671875 0.35546875 0.053125 0.08828125
0 0.7546875 0.37265625 0.04765625 0.07734375
0 0.79921875 0.4265625 0.04921875 0.08046875
0 0.91484375 0.39921875 0.05859375 0.06796875
0 0.9125 0.471875 0.10859375 0.1328125
0 0.68984375 0.27890625 0.04375 0.05390625
0 0.22578125 0.29375 0.03515625 0.04609375
0 0.04140625 0.3234375 0.05234375 0.065625
0 0.08984375 0.5421875 0.1015625 0.175