0 0.76015625 0.47421875 0.0796875 0.11484375
0 0.97109375 0.53359375 0.0578125 0.096875
0 0.59765625 0.5390625 0.0609375 0.103125
0 0.33203125 0.5421875 0.07265625 0.1796875
0 0.52421875 0.553125 0.12109375 0.19453125
0 0.86796875 0.55546875 0.115625 0.1671875
0 0.69375 0.68046875 0.128125 0.16484375
0 0.20859375 0.71015625 0.13125 0.40390625
0 0.6109375 0.84375 0.34609375 0.3125
0 0.33671875 0.378125 0.034375 0.065625
0 0.3953125 0.37890625 0.03515625 0.0625
0 0.65546875 0.3921875 0.0421875 0.06171875
0 0.45859375 0.40546875 0.0296875 0.059375
0 0.58125 0.41875 0.03671875 0.059375
0 0.6234375 0.42265625 0.0484375 0.0703125
0 0.69921875 0.42734375 0.05859375 0.1
0 0.95 0.434375 0.0625 0.0875
0 0.40078125 0.46015625 0.05078125 0.10390625
0 0.18046875 0.46328125 0.06328125 0.153125