0 0.38125 0.80078125 0.14609375 0.24296875
0 0.52578125 0.8765625 0.09375 0.1921875
0 0.62578125 0.8296875 0.11875 0.165625
0 0.68125 0.64375 0.03359375 0.07734375
0 0.490625 0.690625 0.03984375 0.09765625
0 0.1625 0.89375 0.14609375 0.2125
0 0.0296875 0.58203125 0.04765625 0.06875
0 0.07265625 0.5578125 0.06640625 0.07421875
0 0.38671875 0.63984375 0.05234375 0.084375
0 0.275 0.61015625 0.03359375 0.04375
0 0.18203125 0.65 0.03125 0.0578125
0 0.80546875 0.60625 0.03984375 0.07109375
0 0.8546875 0.75625 0.0765625 0.1390625
0 0.5828125 0.63203125 0.0421875 0.08046875
0 0.9625 0.61328125 0.04140625 0.0859375
0 0.45390625 0.65703125 0.03828125 0.08046875