0 0.63671875 0.4453125 0.13125 0.19453125
0 0.934375 0.546875 0.11875 0.20390625
0 0.16796875 0.73203125 0.1640625 0.25546875
0 0.17421875 0.73046875 0.18125 0.25078125
0 0.340625 0.77890625 0.14765625 0.19765625
0 0.303125 0.59375 0.09765625 0.14765625
0 0.23671875 0.484375 0.08984375 0.121875
0 0.45078125 0.5171875 0.06484375 0.1
0 0.04296875 0.5515625 0.08125 0.15078125
0 0.13671875 0.4046875 0.06015625 0.09375
0 0.24765625 0.4109375 0.08359375 0.11875
0 0.75859375 0.43125 0.08359375 0.12890625
0 0.52421875 0.88671875 0.1703125 0.2265625
0 0.8875 0.83046875 0.1515625 0.221875
0 0.596875 0.58984375 0.0953125 0.16640625