0 0.91015625 0.57734375 0.0953125 0.15625
0 0.9421875 0.36328125 0.1078125 0.1390625
0 0.78671875 0.3453125 0.0890625 0.1265625
0 0.49140625 0.13203125 0.075 0.128125
0 0.9421875 0.825 0.1 0.134375
0 0.13125 0.075 0.0765625 0.15
0 0.7625 0.85546875 0.0734375 0.1546875
0 0.08984375 0.9109375 0.053125 0.1671875
0 0.646875 0.22421875 0.0734375 0.15
0 0.35546875 0.62734375 0.0921875 0.09375
0 0.43671875 0.471875 0.0609375 0.1390625
0 0.23203125 0.20703125 0.0546875 0.153125
0 0.921875 0.11796875 0.0640625 0.0734375
0 0.2625 0.4140625 0.0859375 0.140625
0 0.228125 0.8296875 0.078125 0.165625
0 0.4578125 0.89921875 0.0578125 0.1609375
0 0.8515625 0.03125 0.0734375 0.0625
0 0.3609375 0.2765625 0.08125 0.096875
0 0.53671875 0.35078125 0.078125 0.09375
0 0.14296875 0.5640625 0.0671875 0.1515625
0 0.35546875 0.1546875 0.0625 0.1234375
0 0.02734375 0.2578125 0.0546875 0.1453125
0 0.57109375 0.8765625 0.0546875 0.1453125
0 0.6140625 0.54921875 0.046875 0.11875
0 0.02734375 0.39453125 0.0546875 0.15
0 0.3109375 0.05703125 0.0734375 0.1140625
0 0.98671875 0.2546875 0.0265625 0.05
0 0.01953125 0.834375 0.0390625 0.1140625