0 0.5875 0.303125 0.04765625 0.090625
0 0.98671875 0.315625 0.02578125 0.06328125
0 0.390625 0.3234375 0.0765625 0.11796875
0 0.2109375 0.32265625 0.04375 0.06953125
0 0.45546875 0.3484375 0.05859375 0.09921875
0 0.81328125 0.38203125 0.0890625 0.13671875
0 0.034375 0.403125 0.06796875 0.20546875
0 0.18828125 0.44765625 0.121875 0.14921875
0 0.353125 0.4390625 0.115625 0.14609375
0 0.7453125 0.48359375 0.08203125 0.10234375
0 0.66171875 0.48671875 0.09375 0.1203125
0 0.8328125 0.48671875 0.078125 0.1046875
0 0.1171875 0.49296875 0.10546875 0.16953125
0 0.271875 0.51484375 0.071875 0.1140625
0 0.5703125 0.578125 0.10625 0.13828125
0 0.52421875 0.625 0.09453125 0.1390625
0 0.82734375 0.67265625 0.14453125 0.19921875
0 0.52109375 0.24296875 0.06015625 0.08515625
0 0.775 0.28203125 0.04609375 0.06015625
0 0.63828125 0.29375 0.05 0.090625
0 0.31171875 0.296875 0.05859375 0.1140625
0 0.77890625 0.3359375 0.03203125 0.04296875
0 0.75234375 0.39453125 0.04375 0.0734375
0 0.68671875 0.3609375 0.03515625 0.04453125
0 0.69921875 0.41953125 0.05625 0.03984375
0 0.7 0.39375 0.0546875 0.02421875
0 0.64375 0.37421875 0.0328125 0.04453125
0 0.5984375 0.43515625 0.04453125 0.05
0 0.5734375 0.3703125 0.0359375 0.03984375
0 0.53125 0.33046875 0.0484375 0.075
0 0.496875 0.43359375 0.05625 0.10546875
0 0.546875 0.43671875 0.02265625 0.04453125
0 0.91484375 0.4453125 0.053125 0.09140625
0 0.88828125 0.428125 0.05390625 0.08359375
0 0.884375 0.3671875 0.02890625 0.0234375
0 0.95703125 0.3640625 0.01953125 0.04296875
0 0.46796875 0.28359375 0.02578125 0.034375
0 0.23984375 0.4046875 0.07421875 0.06796875
0 0.065625 0.33046875 0.03359375 0.0578125
0 0.90234375 0.3234375 0.021875 0.03828125
0 0.9265625 0.503125 0.06953125 0.08046875
0 0.965625 0.4390625 0.0234375 0.0359375