0 0.825 0.67890625 0.15390625 0.21015625
0 0.81796875 0.39375 0.08828125 0.15625
0 0.7421875 0.48203125 0.08828125 0.10546875
0 0.525 0.62890625 0.09375 0.159375
0 0.57734375 0.5859375 0.11796875 0.18046875
0 0.77109375 0.28828125 0.0421875 0.08984375
0 0.98515625 0.32734375 0.0296875 0.10234375
0 0.65625 0.48671875 0.0921875 0.15
0 0.33984375 0.4328125 0.13203125 0.15625
0 0.453125 0.3546875 0.05390625 0.1078125
0 0.52109375 0.24296875 0.05390625 0.1140625
0 0.58671875 0.3078125 0.05390625 0.10546875
0 0.6359375 0.29140625 0.06015625 0.1078125
0 0.346875 0.43515625 0.121875 0.16796875
0 0.3109375 0.3 0.065625 0.12578125
0 0.1859375 0.44609375 0.115625 0.17734375
0 0.25703125 0.509375 0.10625 0.146875
0 0.11015625 0.48359375 0.10390625 0.16796875
0 0.034375 0.39921875 0.0640625 0.228125
0 0.92421875 0.446875 0.07734375 0.13828125