0 0.259375 0.38515625 0.16484375 0.26328125
0 0.38203125 0.48359375 0.10234375 0.16640625
0 0.55234375 0.5 0.11640625 0.1796875
0 0.89921875 0.6265625 0.11875 0.1734375
0 0.703125 0.7 0.12265625 0.2265625
0 0.61171875 0.6734375 0.11484375 0.16015625
0 0.578125 0.8296875 0.12265625 0.1734375
0 0.84296875 0.8734375 0.12265625 0.2203125
0 0.94921875 0.9 0.07734375 0.146875
0 0.3875 0.89296875 0.14609375 0.21328125
0 0.153125 0.56796875 0.13125 0.21640625
0 0.20703125 0.8015625 0.13515625 0.18359375
0 0.06796875 0.65 0.13203125 0.19296875
0 0.47109375 0.6578125 0.09375 0.1484375