0 0.45390625 0.8640625 0.2078125 0.196875
0 0.88984375 0.675 0.1640625 0.175
0 0.77890625 0.6515625 0.1453125 0.146875
0 0.93203125 0.56875 0.09765625 0.11875
0 0.7984375 0.5421875 0.09453125 0.103125
0 0.690625 0.509375 0.07265625 0.0765625
0 0.77265625 0.459375 0.06953125 0.08125
0 0.58359375 0.603125 0.10703125 0.11875
0 0.28984375 0.690625 0.1765625 0.15
0 0.1296875 0.54375 0.10703125 0.1
0 0.23046875 0.4765625 0.06328125 0.078125
0 0.340625 0.503125 0.08203125 0.075
0 0.534375 0.4640625 0.06015625 0.059375
0 0.60859375 0.484375 0.06953125 0.08125
0 0.071875 0.4921875 0.084375 0.0875
0 0.140625 0.4703125 0.06640625 0.065625
0 0.8734375 0.4484375 0.05703125 0.053125
0 0.38984375 0.4328125 0.04765625 0.046875
0 0.4796875 0.6703125 0.0796875 0.11796875
0 0.68359375 0.43125 0.0546875 0.053125
0 0.41953125 0.48671875 0.06171875 0.06484375