0 0.26875 0.44921875 0.07421875 0.13359375
0 0.35625 0.55625 0.11640625 0.1734375
0 0.2625 0.59609375 0.0890625 0.12109375
0 0.1921875 0.82578125 0.121875 0.18828125
0 0.29375 0.89453125 0.10078125 0.17578125
0 0.4125 0.88203125 0.16015625 0.22421875
0 0.6875 0.8546875 0.16484375 0.28984375
0 0.57890625 0.7875 0.09296875 0.19375
0 0.934375 0.9171875 0.13125 0.165625
0 0.93359375 0.51171875 0.10390625 0.2078125
0 0.8234375 0.43828125 0.05390625 0.09296875
0 0.62265625 0.43046875 0.109375 0.13203125
0 0.49609375 0.33046875 0.0984375 0.1390625
0 0.509375 0.2109375 0.1 0.159375
0 0.1046875 0.49140625 0.06640625 0.12265625
0 0.0953125 0.13984375 0.0515625 0.09140625
0 0.146875 0.15703125 0.07890625 0.14453125
0 0.42734375 0.1625 0.05234375 0.09296875
0 0.46015625 0.1109375 0.06484375 0.09140625
0 0.54921875 0.0921875 0.06484375 0.0890625
0 0.77421875 0.15390625 0.0796875 0.1171875
0 0.884375 0.21796875 0.08203125 0.12109375
0 0.97265625 0.1140625 0.0546875 0.10546875
0 0.93984375 0.14140625 0.05625 0.10234375
0 0.715625 0.08203125 0.05703125 0.07109375
0 0.68984375 0.17265625 0.05078125 0.09140625
0 0.321875 0.18046875 0.05234375 0.0984375
0 0.28125 0.0546875 0.04375 0.06015625
0 0.84296875 0.01796875 0.0421875 0.0359375