0 0.39296875 0.29921875 0.1125 0.15
0 0.62265625 0.38203125 0.0953125 0.13671875
0 0.63046875 0.54140625 0.10625 0.159375
0 0.74140625 0.75625 0.1 0.159375
0 0.94765625 0.83125 0.1046875 0.19375
0 0.9640625 0.58671875 0.071875 0.121875
0 0.95859375 0.42890625 0.0828125 0.14453125
0 0.15546875 0.43828125 0.08359375 0.12578125
0 0.1703125 0.31171875 0.10703125 0.1703125
0 0.22109375 0.153125 0.07421875 0.14453125
0 0.2640625 0.24609375 0.09140625 0.14609375
0 0.334375 0.14296875 0.06328125 0.125
0 0.13359375 0.85546875 0.09921875 0.21875
0 0.0640625 0.54609375 0.10078125 0.15546875
0 0.17890625 0.8140625 0.10546875 0.14453125
0 0.38125 0.57890625 0.1 0.1734375
0 0.48203125 0.56640625 0.13671875 0.24375
0 0.79921875 0.48515625 0.08203125 0.13515625
0 0.034375 0.225 0.06875 0.140625
0 0.3953125 0.13984375 0.05390625 0.09375
0 0.75078125 0.12734375 0.0515625 0.09140625
0 0.58359375 0.134375 0.04921875 0.059375
0 0.5109375 0.18046875 0.12578125 0.1515625
0 0.62578125 0.24375 0.0953125 0.1421875
0 0.5875 0.69453125 0.10546875 0.16328125
0 0.59765625 0.86484375 0.11953125 0.178125