0 0.48671875 0.896875 0.1171875 0.1875
0 0.67109375 0.8828125 0.08203125 0.134375
0 0.7125 0.7625 0.0734375 0.14375
0 0.8234375 0.659375 0.07109375 0.1125
0 0.90078125 0.65625 0.06953125 0.1375
0 0.36171875 0.7984375 0.078125 0.109375
0 0.26484375 0.7515625 0.07578125 0.109375
0 0.36328125 0.696875 0.06953125 0.1
0 0.41015625 0.6265625 0.0625 0.090625
0 0.4953125 0.5734375 0.05625 0.071875
0 0.12421875 0.7875 0.084375 0.1
0 0.15703125 0.5453125 0.05390625 0.071875
0 0.27890625 0.94375 0.10859375 0.1125
0 0.9109375 0.9046875 0.10390625 0.146875
0 0.0328125 0.809375 0.06484375 0.12578125
0 0.6875 0.4546875 0.02890625 0.04921875