0 0.46875 0.71328125 0.20859375 0.396875
0 0.85703125 0.68671875 0.28515625 0.50546875
0 0.69453125 0.403125 0.15234375 0.23046875
0 0.54296875 0.3359375 0.15625 0.2234375
0 0.28046875 0.26640625 0.11484375 0.1796875
0 0.309375 0.5015625 0.16875 0.2375
0 0.884375 0.178125 0.11875 0.2203125
0 0.89296875 0.37109375 0.15234375 0.26796875
0 0.64609375 0.559375 0.10390625 0.203125
0 0.47265625 0.21328125 0.10390625 0.15625
0 0.171875 0.7265625 0.340625 0.546875
0 0.17890625 0.2578125 0.075 0.10859375
0 0.04296875 0.340625 0.07734375 0.22734375
0 0.36171875 0.2359375 0.08984375 0.13203125
0 0.76328125 0.2640625 0.07734375 0.09453125