0 0.45703125 0.19140625 0.08203125 0.10625
0 0.215625 0.32890625 0.08515625 0.12734375
0 0.45078125 0.621875 0.13359375 0.1859375
0 0.2359375 0.60234375 0.1015625 0.17109375
0 0.7890625 0.5640625 0.0859375 0.14375
0 0.9328125 0.32734375 0.090625 0.14921875
0 0.8703125 0.18125 0.0703125 0.10234375
0 0.95625 0.16640625 0.05078125 0.0890625
0 0.04921875 0.88984375 0.09765625 0.2203125
0 0.1703125 0.14453125 0.05078125 0.078125
0 0.33359375 0.190625 0.05234375 0.075
0 0.53359375 0.1234375 0.0546875 0.078125
0 0.20234375 0.059375 0.046875 0.0671875
0 0.5328125 0.90546875 0.146875 0.1890625
0 0.128125 0.22578125 0.04765625 0.0875
0 0.02109375 0.434375 0.040625 0.1