0 0.621875 0.309375 0.128125 0.20390625
0 0.71484375 0.33515625 0.134375 0.20703125
0 0.38828125 0.375 0.18203125 0.28203125
0 0.88125 0.4234375 0.1640625 0.2375
0 0.7421875 0.68203125 0.20234375 0.3421875
0 0.875 0.18046875 0.05234375 0.08125
0 0.04765625 0.18515625 0.0953125 0.1859375
0 0.7390625 0.1921875 0.08203125 0.08671875
0 0.5078125 0.21484375 0.065625 0.12890625
0 0.440625 0.21953125 0.09609375 0.12890625
0 0.23671875 0.2984375 0.12578125 0.15625
0 0.4921875 0.66796875 0.328125 0.52890625