0 0.63125 0.2953125 0.12421875 0.17578125
0 0.71484375 0.33203125 0.134375 0.2125
0 0.38828125 0.3890625 0.18203125 0.3203125
0 0.88125 0.41953125 0.1640625 0.2453125
0 0.7390625 0.66953125 0.21484375 0.31796875
0 0.875 0.18046875 0.05234375 0.08125
0 0.04765625 0.18515625 0.0953125 0.1859375
0 0.7390625 0.1921875 0.08203125 0.08671875
0 0.5078125 0.21484375 0.065625 0.12890625
0 0.440625 0.21953125 0.09609375 0.12890625
0 0.23671875 0.2921875 0.12578125 0.16953125
0 0.5015625 0.6625 0.35859375 0.525
0 0.1765625 0.853125 0.353125 0.29375
0 0.10625 0.51796875 0.2 0.35625
0 0.8234375 0.284375 0.09375 0.15546875
0 0.93828125 0.60859375 0.12265625 0.39765625
0 0.921875 0.2890625 0.10234375 0.1140625
0 0.93046875 0.20625 0.07734375 0.0734375
0 0.97890625 0.2953125 0.0421875 0.0875
0 0.98203125 0.1921875 0.0359375 0.0875
0 0.9296875 0.2046875 0.07890625 0.06640625
0 0.8296875 0.17890625 0.08203125 0.06484375
0 0.93359375 0.1453125 0.05234375 0.04765625
0 0.971875 0.12421875 0.0390625 0.04609375
0 0.6109375 0.221875 0.109375 0.06875
0 0.65390625 0.18046875 0.0484375 0.071875
0 0.36875 0.1875 0.0359375 0.06953125
0 0.3359375 0.19453125 0.0375 0.05234375
0 0.221875 0.17734375 0.06484375 0.05390625
0 0.16640625 0.21171875 0.04765625 0.0640625
0 0.1078125 0.2078125 0.05 0.1109375
0 0.14453125 0.3375 0.11796875 0.19140625