0 0.5625 0.30234375 0.13671875 0.25625
0 0.96953125 0.4078125 0.0609375 0.16640625
0 0.49765625 0.50234375 0.08203125 0.15546875
0 0.9515625 0.540625 0.096875 0.109375
0 0.66875 0.70234375 0.14375 0.2625
0 0.971875 0.69921875 0.05625 0.10234375
0 0.35390625 0.75546875 0.065625 0.1453125
0 0.44609375 0.8265625 0.05390625 0.20234375
0 0.259375 0.84609375 0.12421875 0.3078125
0 0.37265625 0.9546875 0.07734375 0.090625
0 0.74609375 0.8875 0.05 0.08984375
0 0.65390625 0.96796875 0.03671875 0.059375
0 0.621875 0.91953125 0.02890625 0.05234375