0 0.2875 0.896875 0.08671875 0.1234375
0 0.384375 0.84375 0.08125 0.10859375
0 0.14296875 0.93984375 0.096875 0.10625
0 0.17578125 0.709375 0.0703125 0.0671875
0 0.7953125 0.7203125 0.05 0.07421875
0 0.9015625 0.734375 0.0609375 0.0890625
0 0.959375 0.74375 0.06171875 0.096875
0 0.74453125 0.715625 0.05078125 0.078125
0 0.64140625 0.6828125 0.04296875 0.06484375
0 0.3 0.7984375 0.05 0.0765625
0 0.05703125 0.85625 0.07421875 0.08359375
0 0.08828125 0.6515625 0.046875 0.05546875
0 0.53515625 0.7703125 0.05703125 0.084375
0 0.4296875 0.7921875 0.0546875 0.09921875
0 0.85 0.8125 0.06484375 0.09140625
0 0.9171875 0.85078125 0.06484375 0.096875
0 0.81015625 0.9359375 0.08515625 0.11953125
0 0.6390625 0.946875 0.071875 0.10625
0 0.20546875 0.79921875 0.053125 0.1015625
0 0.2546875 0.7875 0.04921875 0.0890625