0 0.39609375 0.6390625 0.22578125 0.315625
0 0.571875 0.5796875 0.134375 0.196875
0 0.76171875 0.65 0.16640625 0.35
0 0.92265625 0.5953125 0.15078125 0.215625
0 0.13359375 0.7875 0.2078125 0.28125
0 0.20078125 0.49375 0.1140625 0.15
0 0.38046875 0.421875 0.05703125 0.075
0 0.44140625 0.421875 0.05234375 0.0625
0 0.7078125 0.425 0.0734375 0.08125
0 0.88828125 0.4390625 0.0453125 0.096875
0 0.80703125 0.4265625 0.0390625 0.059375
0 0.5265625 0.396875 0.0390625 0.05
0 0.30625 0.4234375 0.0546875 0.071875
0 0.2078125 0.3765625 0.03203125 0.040625