0 0.23671875 0.6984375 0.19765625 0.253125
0 0.49140625 0.50859375 0.10625 0.1625
0 0.44609375 0.91015625 0.2015625 0.1796875
0 0.6203125 0.5296875 0.11875 0.18515625
0 0.734375 0.56328125 0.09453125 0.1203125
0 0.840625 0.42890625 0.0671875 0.103125
0 0.79296875 0.73671875 0.12578125 0.15859375
0 0.16171875 0.55703125 0.10625 0.128125
0 0.06796875 0.45625 0.07890625 0.09765625
0 0.04296875 0.73203125 0.0609375 0.17890625
0 0.23125 0.4765625 0.08359375 0.0890625
0 0.19921875 0.39375 0.078125 0.078125
0 0.47421875 0.2390625 0.03984375 0.0609375
0 0.54375 0.38671875 0.07578125 0.09765625
0 0.77421875 0.2890625 0.04765625 0.07421875
0 0.9046875 0.5109375 0.0703125 0.1421875
0 0.34375 0.346875 0.05703125 0.06640625
0 0.41875 0.375 0.0546875 0.08359375
0 0.44765625 0.32265625 0.040625 0.0578125
0 0.25078125 0.33203125 0.04296875 0.05
0 0.11171875 0.325 0.04921875 0.0625
0 0.140625 0.27890625 0.03359375 0.0375
0 0.64921875 0.365625 0.0421875 0.05