0 0.2953125 0.70546875 0.0765625 0.0875
0 0.49765625 0.63984375 0.05078125 0.05703125
0 0.73984375 0.61328125 0.05390625 0.0859375
0 0.09296875 0.6671875 0.07578125 0.109375
0 0.1265625 0.6078125 0.0515625 0.053125
0 0.109375 0.56015625 0.03125 0.034375
0 0.14375 0.53671875 0.02734375 0.03515625
0 0.0234375 0.646875 0.0375 0.04375
0 0.0296875 0.575 0.0390625 0.06015625
0 0.3421875 0.58828125 0.0484375 0.06015625
0 0.25390625 0.5859375 0.0296875 0.04609375
0 0.2375 0.52265625 0.02890625 0.0296875
0 0.40390625 0.7546875 0.05234375 0.06796875
0 0.42265625 0.60234375 0.04296875 0.0640625
0 0.4 0.5484375 0.03671875 0.04921875
0 0.67578125 0.55859375 0.0328125 0.05625
0 0.89609375 0.54921875 0.0390625 0.0671875
0 0.55703125 0.58046875 0.03515625 0.040625
0 0.58046875 0.56875 0.03359375 0.0453125
0 0.61171875 0.55859375 0.03984375 0.04921875
0 0.60078125 0.509375 0.02421875 0.02421875
0 0.52265625 0.50859375 0.0234375 0.02890625
0 0.47734375 0.553125 0.03125 0.03984375
0 0.44375 0.5203125 0.03203125 0.0328125
0 0.28984375 0.58515625 0.034375 0.04765625
0 0.0578125 0.9109375 0.115625 0.178125