0 0.8203125 0.45390625 0.059375 0.12265625
0 0.515625 0.47734375 0.16875 0.275
0 0.253125 0.47890625 0.040625 0.0875
0 0.375 0.05234375 0.065625 0.10390625
0 0.140625 0.50703125 0.07109375 0.11875
0 0.34453125 0.55390625 0.0828125 0.10390625
0 0.2515625 0.59609375 0.065625 0.1625
0 0.7109375 0.87734375 0.07421875 0.1421875
0 0.0328125 0.8328125 0.05 0.10703125
0 0.45234375 0.9203125 0.06953125 0.10703125
0 0.728125 0.16484375 0.103125 0.17109375
0 0.83984375 0.25390625 0.03984375 0.09921875
0 0.57109375 0.2734375 0.06484375 0.08203125
0 0.10625 0.28984375 0.046875 0.09140625
0 0.0265625 0.41484375 0.053125 0.14609375
0 0.8875 0.49765625 0.04375 0.06640625
0 0.7078125 0.37109375 0.09765625 0.15390625
0 0.65546875 0.4875 0.040625 0.0859375
0 0.63984375 0.609375 0.03828125 0.05
0 0.44453125 0.70859375 0.0703125 0.09375
0 0.0390625 0.48671875 0.0609375 0.08359375
0 0.07109375 0.43125 0.03671875 0.0890625
0 0.228125 0.0234375 0.046875 0.046875
0 0.2609375 0.04921875 0.03125 0.040625
0 0.29296875 0.05390625 0.03515625 0.0640625
0 0.12890625 0.05 0.046875 0.053125
0 0.16015625 0.0625 0.040625 0.0546875
0 0.12109375 0.12578125 0.0421875 0.06171875
0 0.12265625 0.2390625 0.0703125 0.075
0 0.0578125 0.3421875 0.03984375 0.06484375
0 0.1265625 0.90546875 0.0703125 0.07109375
0 0.03359375 0.93046875 0.05859375 0.08125
0 0.37109375 0.64453125 0.0515625 0.06640625
0 0.3484375 0.4171875 0.0703125 0.1078125
0 0.6484375 0.1234375 0.03515625 0.09140625
0 0.92421875 0.14921875 0.0265625 0.078125
0 0.45078125 0.025 0.0515625 0.05
0 0.51015625 0.10859375 0.0453125 0.13046875