0 0.7828125 0.62109375 0.203125 0.18359375
0 0.81875 0.46015625 0.13046875 0.12109375
0 0.1171875 0.82734375 0.23359375 0.2296875
0 0.34375 0.83828125 0.17890625 0.2421875
0 0.54453125 0.878125 0.184375 0.2140625
0 0.6453125 0.73515625 0.17421875 0.1703125
0 0.92578125 0.728125 0.12109375 0.16796875
0 0.46328125 0.46015625 0.1140625 0.1078125
0 0.675 0.50234375 0.096875 0.12421875
0 0.40390625 0.2515625 0.078125 0.11171875
0 0.4953125 0.190625 0.1390625 0.134375
0 0.34296875 0.06875 0.11484375 0.1375
0 0.240625 0.09375 0.11796875 0.10390625
0 0.421875 0.0984375 0.065625 0.12109375
0 0.19453125 0.95546875 0.2296875 0.0890625
0 0.96484375 0.934375 0.06953125 0.11875
0 0.5734375 0.47421875 0.08671875 0.08046875
0 0.5890625 0.353125 0.04765625 0.07578125