0 0.81953125 0.44765625 0.05859375 0.14453125
0 0.515625 0.4765625 0.1671875 0.27421875
0 0.25234375 0.47890625 0.03984375 0.08828125
0 0.3734375 0.05234375 0.065625 0.10390625
0 0.13671875 0.5015625 0.0765625 0.10703125
0 0.34765625 0.5546875 0.075 0.103125
0 0.25234375 0.59453125 0.065625 0.16171875
0 0.7125 0.87109375 0.084375 0.1546875
0 0.028125 0.87890625 0.05625 0.19921875
0 0.4546875 0.92734375 0.08125 0.14453125
0 0.728125 0.1640625 0.1015625 0.16875
0 0.8375 0.24765625 0.04453125 0.1484375
0 0.57421875 0.27109375 0.06953125 0.08671875
0 0.10625 0.2890625 0.046875 0.08984375
0 0.0265625 0.415625 0.053125 0.14453125