0 0.12109375 0.83515625 0.23515625 0.24296875
0 0.346875 0.84375 0.16640625 0.20703125
0 0.54296875 0.86796875 0.16015625 0.1828125
0 0.49765625 0.19296875 0.1265625 0.11953125
0 0.634375 0.7359375 0.18359375 0.14375
0 0.7828125 0.61328125 0.19140625 0.18125
0 0.93046875 0.7234375 0.1390625 0.175
0 0.35390625 0.06328125 0.115625 0.11328125
0 0.2421875 0.0984375 0.1296875 0.10625
0 0.41875 0.09375 0.0578125 0.12109375
0 0.46640625 0.4609375 0.0984375 0.096875
0 0.67578125 0.9578125 0.19453125 0.084375
0 0.821875 0.46328125 0.0859375 0.10078125
0 0.68359375 0.509375 0.0921875 0.11328125
0 0.55625 0.48125 0.1 0.07265625
0 0.59140625 0.35390625 0.0453125 0.06875
0 0.19453125 0.95546875 0.20234375 0.0890625