0 0.6859375 0.43828125 0.14765625 0.19453125
0 0.58125 0.49375 0.15 0.14609375
0 0.8453125 0.73984375 0.103125 0.13359375
0 0.725 0.8046875 0.14375 0.1171875
0 0.61875 0.11640625 0.090625 0.15
0 0.3671875 0.1296875 0.12734375 0.128125
0 0.3015625 0.325 0.20859375 0.2421875
0 0.440625 0.40859375 0.13125 0.18671875
0 0.28984375 0.92734375 0.16484375 0.1453125
0 0.425 0.8890625 0.14296875 0.1515625
0 0.63359375 0.88359375 0.10390625 0.09765625
0 0.64296875 0.7125 0.1171875 0.09140625
0 0.68671875 0.56875 0.21015625 0.09609375
0 0.96015625 0.625 0.0796875 0.071875
0 0.7796875 0.59609375 0.0734375 0.08984375
0 0.56015625 0.740625 0.07578125 0.10234375
0 0.3203125 0.78515625 0.11796875 0.08984375
0 0.37734375 0.7296875 0.1765625 0.125
0 0.38359375 0.634375 0.1546875 0.13984375
0 0.3296875 0.534375 0.065625 0.17421875
0 0.5703125 0.33359375 0.0890625 0.10390625
0 0.06796875 0.84453125 0.11328125 0.1625
0 0.1796875 0.3140625 0.05234375 0.1984375
0 0.44609375 0.05 0.1109375 0.0796875
0 0.24375 0.146875 0.09375 0.1578125
0 0.4796875 0.21953125 0.04765625 0.0484375
0 0.703125 0.246875 0.09609375 0.2046875
0 0.11796875 0.7828125 0.059375 0.08515625
0 0.12578125 0.71484375 0.1421875 0.05625
0 0.0390625 0.95 0.075 0.1