0 0.31484375 0.08125 0.11953125 0.05
0 0.69296875 0.13984375 0.096875 0.075
0 0.81484375 0.1640625 0.09453125 0.0640625
0 0.26484375 0.20078125 0.2125 0.12578125
0 0.5 0.22421875 0.15703125 0.11796875
0 0.784375 0.26796875 0.12890625 0.09453125
0 0.12890625 0.26875 0.09453125 0.12109375
0 0.39609375 0.275 0.13828125 0.09609375
0 0.64375 0.28984375 0.13359375 0.1
0 0.53671875 0.10234375 0.20234375 0.0671875
0 0.4296875 0.0890625 0.0859375 0.06015625
0 0.4390625 0.14296875 0.078125 0.0375
0 0.17578125 0.1390625 0.1078125 0.08828125