0 0.365625 0.7515625 0.121875 0.159375
0 0.2046875 0.7984375 0.15234375 0.165625
0 0.64140625 0.8171875 0.1453125 0.178125
0 0.83984375 0.8375 0.14765625 0.20625
0 0.50078125 0.8265625 0.1453125 0.234375
0 0.93359375 0.6671875 0.07734375 0.115625
0 0.76484375 0.5328125 0.03046875 0.053125
0 0.63671875 0.63125 0.065625 0.0875
0 0.384375 0.6015625 0.075 0.084375
0 0.27265625 0.6078125 0.06328125 0.096875
0 0.06875 0.5921875 0.03984375 0.065625
0 0.94375 0.5265625 0.028125 0.040625
0 0.528125 0.68671875 0.065625 0.10625
0 0.375 0.5375 0.0328125 0.04375