0 0.23984375 0.95234375 0.1109375 0.09453125
0 0.60546875 0.72734375 0.0625 0.11328125
0 0.7484375 0.69140625 0.184375 0.25390625
0 0.6203125 0.86875 0.240625 0.2625
0 0.425 0.81640625 0.11640625 0.1859375
0 0.34375 0.821875 0.0453125 0.090625
0 0.14375 0.89609375 0.059375 0.0640625
0 0.1578125 0.85234375 0.0484375 0.06796875
0 0.27265625 0.79140625 0.10234375 0.0984375
0 0.590625 0.16875 0.0796875 0.11015625
0 0.63046875 0.259375 0.08515625 0.1171875
0 0.7515625 0.215625 0.26953125 0.340625
0 0.22890625 0.3046875 0.08203125 0.125
0 0.34921875 0.39921875 0.03984375 0.071875
0 0.2375 0.44140625 0.09921875 0.1171875
0 0.24453125 0.58359375 0.22734375 0.28828125
0 0.4046875 0.6078125 0.20703125 0.2765625
0 0.5453125 0.534375 0.10234375 0.12109375
0 0.721875 0.4734375 0.07421875 0.0984375
0 0.609375 0.49453125 0.059375 0.08671875
0 0.88203125 0.67265625 0.05390625 0.11015625
0 0.809375 0.4828125 0.05078125 0.10234375
0 0.10546875 0.57421875 0.034375 0.11015625
0 0.10390625 0.74609375 0.04296875 0.11328125
0 0.3765625 0.23515625 0.05390625 0.090625
0 0.328125 0.9578125 0.06875 0.084375
0 0.5328125 0.29765625 0.03125 0.08671875
0 0.48984375 0.28828125 0.04296875 0.07578125