0 0.1609375 0.8125 0.1625 0.10703125
0 0.82734375 0.95390625 0.234375 0.0921875
0 0.91640625 0.92265625 0.07109375 0.1484375
0 0.65859375 0.69765625 0.278125 0.2171875
0 0.8453125 0.7140625 0.1109375 0.07734375
0 0.07109375 0.42890625 0.07109375 0.13671875
0 0.2140625 0.49140625 0.26953125 0.2203125
0 0.35703125 0.5296875 0.25390625 0.2140625
0 0.771875 0.41640625 0.09921875 0.07734375
0 0.896875 0.39453125 0.05546875 0.05078125
0 0.88125 0.4453125 0.0875 0.0625
0 0.64453125 0.45546875 0.09140625 0.07109375
0 0.52421875 0.378125 0.0875 0.065625
0 0.8015625 0.2125 0.29375 0.22890625
0 0.79765625 0.08515625 0.0953125 0.0625
0 0.69609375 0.0984375 0.1703125 0.13125
0 0.5734375 0.1875 0.1546875 0.11328125
0 0.434375 0.0609375 0.1546875 0.10390625
0 0.53203125 0.10703125 0.15078125 0.125
0 0.28359375 0.2171875 0.09921875 0.1015625
0 0.359375 0.7109375 0.21015625 0.17890625