0 0.2 0.63984375 0.09296875 0.1546875
0 0.36484375 0.76796875 0.13984375 0.20859375
0 0.5203125 0.58359375 0.0734375 0.13125
0 0.66328125 0.45234375 0.0765625 0.1609375
0 0.85859375 0.5984375 0.08671875 0.17890625
0 0.9203125 0.38359375 0.06328125 0.1484375
0 0.62578125 0.309375 0.0515625 0.0953125
0 0.7515625 0.2890625 0.053125 0.0953125
0 0.3734375 0.4703125 0.08359375 0.13671875
0 0.5 0.45546875 0.06640625 0.125
0 0.525 0.3453125 0.05703125 0.08359375
0 0.38359375 0.29453125 0.03671875 0.065625
0 0.31171875 0.309375 0.03671875 0.07109375
0 0.21484375 0.375 0.046875 0.08359375
0 0.2265625 0.4640625 0.06015625 0.08359375
0 0.05859375 0.5984375 0.06328125 0.11875
0 0.11328125 0.871875 0.13984375 0.2140625
0 0.1046875 0.36640625 0.04296875 0.08359375
0 0.04140625 0.36015625 0.05 0.07734375
0 0.496875 0.2796875 0.046875 0.07734375
0 0.21328125 0.3125 0.05 0.05390625
0 0.153125 0.25625 0.03984375 0.065625
0 0.11171875 0.30078125 0.03984375 0.05390625
0 0.5953125 0.47890625 0.05703125 0.125
0 0.2984375 0.5359375 0.06328125 0.10703125
0 0.48046875 0.91640625 0.10703125 0.16640625
0 0.41484375 0.89296875 0.10703125 0.17890625
0 0.1171875 0.753125 0.103125 0.13046875
0 0.2765625 0.42890625 0.04296875 0.0890625
0 0.54296875 0.2734375 0.05 0.065625
0 0.6234375 0.20546875 0.03671875 0.07109375
0 0.23203125 0.25859375 0.0296875 0.059375
0 0.0953125 0.25 0.03671875 0.04140625