0 0.95625 0.6796875 0.0875 0.14609375
0 0.85546875 0.36875 0.10703125 0.11328125
0 0.721875 0.25859375 0.07109375 0.0953125
0 0.61328125 0.2234375 0.07578125 0.08359375
0 0.3375 0.25 0.15078125 0.13671875
0 0.54765625 0.45234375 0.1828125 0.1546875
0 0.28359375 0.6265625 0.10703125 0.0921875
0 0.5140625 0.8125 0.13125 0.1015625
0 0.15078125 0.81875 0.1984375 0.13671875
0 0.14296875 0.3171875 0.11875 0.11015625
0 0.08125 0.73359375 0.09921875 0.08046875
0 0.4328125 0.26171875 0.1109375 0.0890625
0 0.4484375 0.4140625 0.06328125 0.0890625