0 0.7390625 0.96875 0.1359375 0.0625
0 0.85078125 0.5578125 0.0875 0.0953125
0 0.89296875 0.67109375 0.05703125 0.10546875
0 0.71015625 0.3125 0.07890625 0.11171875
0 0.6203125 0.403125 0.14453125 0.13515625
0 0.61171875 0.2203125 0.065625 0.07265625
0 0.5265625 0.18125 0.06171875 0.07265625
0 0.4015625 0.2203125 0.1359375 0.13125
0 0.28984375 0.2171875 0.10546875 0.0984375
0 0.14921875 0.25859375 0.13125 0.0953125
0 0.3046875 0.64296875 0.10078125 0.05625
0 0.32890625 0.69375 0.1578125 0.0921875