0 0.5578125 0.78828125 0.06328125 0.10390625
0 0.39609375 0.75390625 0.078125 0.0921875
0 0.303125 0.8 0.05234375 0.07578125
0 0.35390625 0.62421875 0.08359375 0.06796875
0 0.45703125 0.63984375 0.0921875 0.06796875
0 0.54765625 0.6703125 0.0546875 0.0640625
0 0.65859375 0.56796875 0.05234375 0.0796875
0 0.80078125 0.8 0.075 0.0921875
0 0.91640625 0.78203125 0.06953125 0.10390625
0 0.9046875 0.615625 0.075 0.0921875
0 0.7140625 0.58828125 0.06953125 0.06796875
0 0.4578125 0.53203125 0.08671875 0.0796875
0 0.35 0.45390625 0.06328125 0.07578125
0 0.284375 0.54375 0.0578125 0.07578125
0 0.1890625 0.634375 0.05234375 0.071875
0 0.6140625 0.40234375 0.0609375 0.084375
0 0.728125 0.3578125 0.04296875 0.06796875
0 0.51328125 0.39375 0.05234375 0.0796875
0 0.440625 0.36796875 0.05234375 0.0640625
0 0.5359375 0.60234375 0.04921875 0.07578125
0 0.1703125 0.48984375 0.0546875 0.07578125
0 0.23671875 0.34375 0.04609375 0.05625
0 0.3046875 0.28828125 0.04296875 0.05234375
0 0.3046875 0.21796875 0.034375 0.04765625
0 0.44921875 0.27578125 0.04296875 0.06015625
0 0.05625 0.5703125 0.075 0.084375
0 0.16640625 0.5796875 0.05234375 0.0640625
0 0.678125 0.87421875 0.08125 0.1078125
0 0.70546875 0.771875 0.075 0.0921875
0 0.928125 0.50234375 0.06953125 0.0796875
0 0.765625 0.51796875 0.05234375 0.06015625
0 0.35390625 0.5203125 0.05234375 0.071875
0 0.68203125 0.38984375 0.0546875 0.0640625
0 0.7859375 0.2703125 0.04609375 0.05234375
0 0.3671875 0.30625 0.04921875 0.05234375
0 0.0359375 0.3640625 0.04296875 0.0640625
0 0.15 0.32421875 0.04609375 0.04375
0 0.1203125 0.4140625 0.04296875 0.06015625
0 0.08515625 0.4703125 0.071875 0.06015625
0 0.6515625 0.29375 0.0375 0.05234375
0 0.5734375 0.5203125 0.04921875 0.06015625
0 0.64609375 0.66171875 0.0578125 0.0796875
0 0.27890625 0.6578125 0.071875 0.08828125
0 0.675 0.49140625 0.0484375 0.065625
0 0.6234375 0.7796875 0.0640625 0.1
0 0.603125 0.65234375 0.05390625 0.05859375
0 0.7875 0.65 0.0546875 0.05390625
0 0.8359375 0.5171875 0.0640625 0.0484375