0 0.8109375 0.746875 0.0890625 0.1296875
0 0.7390625 0.8109375 0.09765625 0.13125
0 0.5703125 0.92421875 0.10390625 0.12578125
0 0.4828125 0.71875 0.0953125 0.15625
0 0.6421875 0.56015625 0.08359375 0.13125
0 0.6625 0.3984375 0.06640625 0.09609375
0 0.8171875 0.41796875 0.0546875 0.08828125
0 0.5609375 0.40859375 0.0828125 0.103125
0 0.3390625 0.4890625 0.0765625 0.075
0 0.08359375 0.584375 0.0890625 0.084375
0 0.23046875 0.6109375 0.07265625 0.0828125
0 0.4796875 0.384375 0.05625 0.1015625
0 0.54140625 0.31953125 0.05625 0.05859375
0 0.38359375 0.35546875 0.04375 0.06171875
0 0.3046875 0.24140625 0.04375 0.06171875
0 0.0515625 0.3046875 0.0640625 0.08046875
0 0.21015625 0.51875 0.075 0.08828125
0 0.971875 0.35625 0.05625 0.090625
0 0.9703125 0.259375 0.05859375 0.07890625
0 0.71875 0.32109375 0.0578125 0.06796875
0 0.58828125 0.265625 0.03984375 0.06015625
0 0.55625 0.26796875 0.03515625 0.03984375
0 0.48203125 0.16328125 0.03984375 0.04140625
0 0.340625 0.16328125 0.02890625 0.04921875
0 0.1765625 0.21640625 0.0296875 0.04296875
0 0.86171875 0.1421875 0.04609375 0.046875
0 0.396875 0.234375 0.02890625 0.0640625
0 0.15546875 0.30390625 0.0234375 0.03359375
0 0.14765625 0.50546875 0.03984375 0.06953125