0 0.4640625 0.56484375 0.1234375 0.16171875
0 0.59296875 0.6453125 0.06015625 0.084375
0 0.6953125 0.58125 0.09375 0.14609375
0 0.815625 0.5671875 0.0859375 0.1390625
0 0.3390625 0.69453125 0.08984375 0.103125
0 0.14296875 0.66171875 0.1 0.13671875
0 0.2640625 0.55 0.1015625 0.1484375
0 0.0390625 0.565625 0.078125 0.15625
0 0.5703125 0.52421875 0.0625 0.07890625
0 0.60234375 0.80859375 0.05 0.0859375
0 0.6640625 0.86796875 0.07890625 0.1140625
0 0.16484375 0.571875 0.10234375 0.1234375
0 0.79140625 0.484375 0.0828125 0.1125
0 0.94375 0.5 0.06640625 0.14296875
0 0.36484375 0.5890625 0.0609375 0.09765625