0 0.38515625 0.709375 0.303125 0.2984375
0 0.78828125 0.6390625 0.2453125 0.25
0 0.52265625 0.4953125 0.16640625 0.1671875
0 0.16953125 0.51015625 0.2109375 0.1625
0 0.52734375 0.8359375 0.29921875 0.3171875
0 0.6515625 0.415625 0.10234375 0.09921875
0 0.22421875 0.421875 0.1390625 0.1140625
0 0.75703125 0.9265625 0.3734375 0.146875
0 0.81015625 0.4359375 0.1140625 0.10546875
0 0.21484375 0.72109375 0.25703125 0.325
0 0.43984375 0.45859375 0.17265625 0.184375
0 0.95390625 0.54921875 0.09140625 0.16484375