0 0.89921875 0.5890625 0.1984375 0.5125
0 0.5515625 0.553125 0.33125 0.5546875
0 0.63046875 0.86171875 0.3078125 0.271875
0 0.10234375 0.56015625 0.2046875 0.4125
0 0.2109375 0.20625 0.303125 0.4125
0 0.840625 0.3390625 0.3140625 0.5359375
0 0.8546875 0.1015625 0.2875 0.203125
0 0.7296875 0.06484375 0.221875 0.1296875
0 0.04921875 0.1859375 0.0984375 0.3375
0 0.471875 0.3578125 0.2515625 0.4
0 0.3078125 0.090625 0.2265625 0.18125
0 0.45703125 0.14375 0.1390625 0.20625
0 0.06171875 0.03984375 0.1234375 0.0765625
0 0.5796875 0.2578125 0.1890625 0.271875
0 0.2984375 0.365625 0.165625 0.225