0 0.821875 0.61796875 0.3015625 0.20078125
0 0.5421875 0.5359375 0.12265625 0.065625
0 0.04375 0.265625 0.0875 0.19609375
0 0.20234375 0.3375 0.3125 0.20625
0 0.53359375 0.3890625 0.31015625 0.2109375
0 0.8578125 0.315625 0.08515625 0.07890625
0 0.95234375 0.31015625 0.0953125 0.1296875
0 0.796875 0.09609375 0.26484375 0.16875
0 0.62109375 0.23671875 0.31484375 0.22109375
0 0.51640625 0.06015625 0.1859375 0.1203125
0 0.3265625 0.13125 0.290625 0.22578125
0 0.50078125 0.13046875 0.153125 0.103125
0 0.1015625 0.06171875 0.13359375 0.0828125
0 0.2 0.0453125 0.18984375 0.08984375
0 0.3609375 0.05 0.18828125 0.1
0 0.34921875 0.01640625 0.1578125 0.0328125