0 0.809375 0.93046875 0.2265625 0.1390625
0 0.1546875 0.9203125 0.11015625 0.0953125
0 0.39140625 0.74296875 0.0828125 0.059375
0 0.64921875 0.70234375 0.1578125 0.1234375
0 0.878125 0.5390625 0.209375 0.1625
0 0.9 0.11171875 0.1859375 0.10546875
0 0.96875 0.04921875 0.06171875 0.06171875
0 0.984375 0.48671875 0.03125 0.07734375
0 0.66015625 0.43515625 0.21328125 0.159375
0 0.4671875 0.48515625 0.20625 0.13125
0 0.3296875 0.446875 0.17890625 0.1109375
0 0.45 0.37578125 0.2203125 0.1234375
0 0.0875 0.3796875 0.175 0.13125
0 0.0203125 0.20625 0.040625 0.075
0 0.3453125 0.1984375 0.175 0.1078125
0 0.5875 0.2046875 0.24765625 0.146875
0 0.62734375 0.1078125 0.16171875 0.0671875
0 0.6890625 0.14296875 0.1 0.03828125
0 0.52421875 0.08515625 0.065625 0.02578125
0 0.4328125 0.034375 0.1171875 0.04375
0 0.1203125 0.0875 0.06875 0.04609375
0 0.0875 0.0375 0.140625 0.03828125