0 0.9671875 0.0640625 0.06484375 0.09375
0 0.9578125 0.19296875 0.084375 0.1203125
0 0.8328125 0.37109375 0.0890625 0.06796875
0 0.65078125 0.70703125 0.090625 0.090625
0 0.6484375 0.5453125 0.04921875 0.04453125
0 0.81171875 0.0484375 0.1109375 0.096875
0 0.70625 0.0375 0.04375 0.075
0 0.778125 0.14296875 0.06796875 0.09375
0 0.85703125 0.17109375 0.04609375 0.04765625
0 0.85078125 0.265625 0.04921875 0.04296875
0 0.765625 0.2265625 0.09921875 0.08359375
0 0.6703125 0.20546875 0.13671875 0.178125
0 0.57578125 0.071875 0.10625 0.10625
0 0.6515625 0.325 0.1265625 0.1265625
0 0.534375 0.48515625 0.090625 0.109375
0 0.35546875 0.1421875 0.06796875 0.1265625
0 0.4234375 0.2546875 0.1078125 0.13359375
0 0.44921875 0.3578125 0.0890625 0.09765625
0 0.3296875 0.43359375 0.3078125 0.309375
0 0.04375 0.4625 0.08359375 0.19296875
0 0.10390625 0.63828125 0.10234375 0.08046875