0 0.95546875 0.27109375 0.075 0.10546875
0 0.9765625 0.63671875 0.04609375 0.11640625
0 0.8828125 0.72890625 0.059375 0.14921875
0 0.878125 0.9515625 0.103125 0.096875
0 0.8359375 0.53046875 0.12109375 0.19140625
0 0.15 0.71640625 0.11484375 0.16328125
0 0.35234375 0.934375 0.0828125 0.13125
0 0.36328125 0.68828125 0.10859375 0.15234375
0 0.4203125 0.88125 0.0734375 0.11640625
0 0.59375 0.6484375 0.090625 0.11640625
0 0.171875 0.8515625 0.075 0.075
0 0.1234375 0.8875 0.05703125 0.08046875
0 0.09609375 0.33828125 0.0734375 0.1828125
0 0.19765625 0.41171875 0.06328125 0.16328125
0 0.32578125 0.15546875 0.10078125 0.13828125
0 0.4671875 0.15625 0.103125 0.17421875
0 0.31171875 0.35625 0.065625 0.10234375
0 0.440625 0.49609375 0.053125 0.09453125
0 0.49765625 0.52734375 0.06953125 0.075
0 0.59453125 0.36328125 0.08125 0.09453125
0 0.5828125 0.53984375 0.053125 0.071875
0 0.68984375 0.34765625 0.07734375 0.1578125
0 0.69375 0.21328125 0.06953125 0.07734375
0 0.5796875 0.22734375 0.059375 0.1109375
0 0.69765625 0.10546875 0.07734375 0.1
0 0.7984375 0.21875 0.08125 0.11640625
0 0.72421875 0.06796875 0.05546875 0.08046875
0 0.8390625 0.15234375 0.090625 0.14921875