0 0.69296875 0.12890625 0.11328125 0.08828125
0 0.3703125 0.13828125 0.1453125 0.1609375
0 0.52578125 0.1421875 0.1109375 0.06640625
0 0.44765625 0.13984375 0.08203125 0.07890625
0 0.28828125 0.2171875 0.2 0.10625
0 0.19453125 0.253125 0.134375 0.12421875
0 0.77578125 0.2421875 0.1609375 0.18203125
0 0.6265625 0.215625 0.11796875 0.13984375
0 0.53046875 0.20625 0.134375 0.096875
0 0.47109375 0.24140625 0.125 0.11796875
0 0.55390625 0.3125 0.16328125 0.1453125
0 0.365625 0.32265625 0.16328125 0.1546875
0 0.2625 0.30625 0.065625 0.0546875
0 0.2 0.5015625 0.1046875 0.1546875
0 0.38359375 0.509375 0.16328125 0.16953125
0 0.5234375 0.4578125 0.1609375 0.17578125
0 0.6953125 0.38203125 0.11796875 0.12109375
0 0.83671875 0.35625 0.1109375 0.07578125
0 0.86640625 0.26796875 0.08828125 0.06328125
0 0.83046875 0.4640625 0.1796875 0.1578125
0 0.78359375 0.58984375 0.15 0.1609375
0 0.6609375 0.54609375 0.13203125 0.1640625
0 0.57265625 0.63046875 0.17734375 0.18203125
0 0.425 0.615625 0.159375 0.1578125