0 0.86484375 0.2609375 0.171875 0.3640625
0 0.9515625 0.31484375 0.096875 0.54921875
0 0.86015625 0.50703125 0.07109375 0.0953125
0 0.74140625 0.3875 0.096875 0.12734375
0 0.0765625 0.45078125 0.15 0.31015625
0 0.1359375 0.4765625 0.1953125 0.37265625
0 0.30078125 0.415625 0.08359375 0.13046875
0 0.3640625 0.3640625 0.1 0.16875
0 0.446875 0.35703125 0.1390625 0.20390625
0 0.565625 0.2921875 0.2265625 0.35625
0 0.40859375 0.5296875 0.06953125 0.08125
0 0.51484375 0.49453125 0.065625 0.10859375
0 0.60703125 0.4890625 0.06015625 0.08671875
0 0.67578125 0.428125 0.08203125 0.12265625
0 0.75703125 0.5 0.08359375 0.11953125
0 0.696875 0.6234375 0.0765625 0.10625
0 0.60390625 0.634375 0.065625 0.08984375
0 0.97578125 0.58359375 0.0484375 0.0609375
0 0.928125 0.64375 0.0421875 0.07578125
0 0.24140625 0.4984375 0.03828125 0.07890625
0 0.8703125 0.6125 0.02890625 0.03515625
0 0.79140625 0.91875 0.0890625 0.08671875