0 0.96640625 0.4375 0.06640625 0.1640625
0 0.778125 0.24140625 0.4 0.4
0 0.45546875 0.15234375 0.42890625 0.3046875
0 0.209375 0.13515625 0.3046875 0.26328125
0 0.56484375 0.3203125 0.24140625 0.22890625
0 0.209375 0.35078125 0.34921875 0.384375
0 0.5 0.47265625 0.36484375 0.375
0 0.825 0.5984375 0.34921875 0.384375
0 0.84921875 0.88203125 0.3015625 0.2359375
0 0.5859375 0.815625 0.415625 0.36796875
0 0.26171875 0.74609375 0.415625 0.425
0 0.07265625 0.59453125 0.1453125 0.3578125
0 0.04453125 0.95546875 0.0890625 0.0890625