0 0.34921875 0.1140625 0.190625 0.215625
0 0.54921875 0.16796875 0.2921875 0.2921875
0 0.88203125 0.31484375 0.2359375 0.2328125
0 0.74453125 0.35234375 0.2890625 0.3171875
0 0.84921875 0.5109375 0.2953125 0.2859375
0 0.73984375 0.703125 0.27265625 0.2890625
0 0.62734375 0.56953125 0.26328125 0.25078125
0 0.521875 0.63359375 0.26328125 0.32734375
0 0.24453125 0.73515625 0.3234375 0.3015625
0 0.11875 0.4984375 0.1875 0.2984375
0 0.3125 0.56796875 0.2765625 0.2796875
0 0.278125 0.34609375 0.2953125 0.2984375
0 0.46796875 0.35078125 0.26328125 0.2765625
0 0.1921875 0.24921875 0.13671875 0.16796875