0 0.97734375 0.0484375 0.0453125 0.096875
0 0.98671875 0.15546875 0.02578125 0.07421875
0 0.96484375 0.225 0.0703125 0.10546875
0 0.284375 0.040625 0.1609375 0.08125
0 0.74921875 0.06015625 0.15 0.10546875
0 0.48984375 0.0578125 0.1578125 0.07421875
0 0.60234375 0.05625 0.1546875 0.1125
0 0.23046875 0.13515625 0.15 0.1109375
0 0.4296875 0.14921875 0.16640625 0.128125
0 0.62578125 0.1515625 0.15546875 0.13359375
0 0.7640625 0.14453125 0.16484375 0.11484375
0 0.24453125 0.24609375 0.16640625 0.14453125
0 0.18671875 0.3609375 0.18125 0.16328125
0 0.365625 0.28515625 0.16484375 0.13359375
0 0.625 0.271875 0.16875 0.15546875
0 0.78828125 0.23984375 0.18359375 0.1421875
0 0.8296875 0.38828125 0.1890625 0.18359375
0 0.875 0.6546875 0.2421875 0.21328125
0 0.8640625 0.52421875 0.2015625 0.15546875
0 0.621875 0.7046875 0.20390625 0.21328125
0 0.65546875 0.50625 0.18515625 0.15390625
0 0.6234375 0.39609375 0.190625 0.1703125
0 0.140625 0.646875 0.221875 0.21328125
0 0.14453125 0.55 0.1703125 0.16640625
0 0.38984375 0.678125 0.22421875 0.23359375
0 0.403125 0.496875 0.21328125 0.18359375
0 0.4046875 0.37890625 0.190625 0.16484375