0 0.18046875 0.29453125 0.2375 0.17734375
0 0.2203125 0.553125 0.26796875 0.20078125
0 0.17734375 0.90546875 0.23046875 0.1890625
0 0.47109375 0.42890625 0.275 0.19296875
0 0.64609375 0.31796875 0.19921875 0.17265625
0 0.75625 0.3859375 0.16484375 0.1953125
0 0.9703125 0.534375 0.059375 0.146875
0 0.9171875 0.55703125 0.1375 0.17734375
0 0.9609375 0.74453125 0.078125 0.0703125
0 0.95078125 0.9359375 0.09765625 0.096875
0 0.6 0.759375 0.2234375 0.14921875
0 0.5890625 0.91015625 0.26484375 0.17890625
0 0.71640625 0.87265625 0.5671875 0.2546875