0 0.80703125 0.70390625 0.2015625 0.3953125
0 0.67421875 0.76328125 0.19296875 0.44296875
0 0.50390625 0.63984375 0.36171875 0.4078125
0 0.453125 0.3359375 0.32109375 0.4484375
0 0.24140625 0.7421875 0.1125 0.4
0 0.29453125 0.58671875 0.05390625 0.12421875
0 0.2921875 0.31640625 0.0859375 0.2125
0 0.22265625 0.5078125 0.09296875 0.2
0 0.13828125 0.96484375 0.10859375 0.0703125
0 0.121875 0.78359375 0.0984375 0.12890625
0 0.1421875 0.60546875 0.0984375 0.146875
0 0.1421875 0.709375 0.13046875 0.13671875
0 0.20078125 0.36875 0.040625 0.0984375