0 0.86484375 0.8921875 0.0546875 0.08125
0 0.753125 0.74296875 0.0546875 0.0703125
0 0.84140625 0.3390625 0.121875 0.184375
0 0.68671875 0.1828125 0.06875 0.10546875
0 0.77421875 0.184375 0.0609375 0.09765625
0 0.97109375 0.2140625 0.040625 0.06484375
0 0.8125 0.17890625 0.05703125 0.09765625
0 0.62109375 0.4859375 0.05078125 0.09765625
0 0.5859375 0.2046875 0.04296875 0.08984375
0 0.5140625 0.51796875 0.0328125 0.0703125
0 0.490625 0.584375 0.03046875 0.0734375
0 0.45859375 0.5125 0.05859375 0.08671875
0 0.209375 0.5859375 0.04453125 0.08125
0 0.04765625 0.53828125 0.075 0.0515625
0 0.08203125 0.6453125 0.046875 0.05390625
0 0.26015625 0.39375 0.0484375 0.07578125
0 0.24375 0.19296875 0.05703125 0.07578125
0 0.16328125 0.34609375 0.04296875 0.06796875
0 0.17578125 0.26015625 0.0265625 0.03828125
0 0.3484375 0.184375 0.06328125 0.1359375
0 0.4296875 0.22890625 0.0546875 0.0953125
0 0.49140625 0.2171875 0.0484375 0.059375
0 0.3546875 0.4828125 0.03828125 0.05390625
0 0.48125 0.359375 0.028125 0.0515625
0 0.4640625 0.13671875 0.03828125 0.05703125
0 0.2828125 0.728125 0.04453125 0.0625
0 0.9796875 0.5953125 0.040625 0.06796875
0 0.93203125 0.57109375 0.03828125 0.0625