0 0.88984375 0.3796875 0.2203125 0.12421875
0 0.65859375 0.440625 0.121875 0.0546875
0 0.50859375 0.365625 0.1203125 0.0796875
0 0.37421875 0.3515625 0.1265625 0.096875
0 0.125 0.321875 0.0703125 0.04140625
0 0.0984375 0.35390625 0.1234375 0.071875
0 0.07109375 0.403125 0.08828125 0.04140625
0 0.07734375 0.4375 0.10859375 0.02421875
0 0.1828125 0.95625 0.20234375 0.0875
0 0.80625 0.9765625 0.15625 0.046875
0 0.1890625 0.42578125 0.0546875 0.02421875
0 0.1671875 0.65703125 0.121875 0.078125
0 0.18359375 0.56796875 0.08984375 0.04375