0 0.05546875 0.253125 0.1109375 0.190625
0 0.43671875 0.0625 0.11484375 0.125
0 0.3703125 0.1328125 0.07734375 0.1
0 0.3375 0.2 0.0625 0.1546875
0 0.303125 0.27890625 0.0875 0.1859375
0 0.3375 0.34765625 0.1046875 0.19765625
0 0.4046875 0.24140625 0.0625 0.13984375
0 0.20703125 0.43359375 0.10234375 0.22578125
0 0.25234375 0.53359375 0.08515625 0.1859375
0 0.2546875 0.39921875 0.04296875 0.10546875
0 0.1921875 0.5609375 0.07734375 0.1375
0 0.29140625 0.41796875 0.0328125 0.0859375
0 0.07890625 0.43046875 0.103125 0.203125
0 0.065625 0.578125 0.13125 0.2515625
0 0.15859375 0.76640625 0.09921875 0.22890625
0 0.0328125 0.728125 0.065625 0.3
0 0.07890625 0.971875 0.0625 0.05625
0 0.034375 0.92421875 0.06875 0.1515625
0 0.08828125 0.740625 0.05859375 0.10859375
0 0.32890625 0.48046875 0.0578125 0.1828125
0 0.25703125 0.79375 0.09296875 0.203125
0 0.3421875 0.8125 0.065625 0.1484375
0 0.40703125 0.93359375 0.09453125 0.11171875
0 0.40546875 0.8296875 0.07734375 0.10859375
0 0.42734375 0.74765625 0.0984375 0.14609375
0 0.3859375 0.5390625 0.0546875 0.18046875
0 0.44296875 0.5890625 0.07734375 0.165625
0 0.44921875 0.67109375 0.0625 0.09453125
0 0.5140625 0.840625 0.0796875 0.1203125
0 0.54921875 0.7140625 0.06953125 0.1171875
0 0.553125 0.57890625 0.12421875 0.23203125
0 0.75546875 0.83203125 0.11015625 0.26328125
0 0.9125 0.709375 0.06640625 0.16015625
0 0.95 0.79375 0.1 0.271875
0 0.8171875 0.4765625 0.0890625 0.24296875
0 0.87890625 0.4859375 0.07109375 0.1828125
0 0.94140625 0.5921875 0.10703125 0.17734375
0 0.96171875 0.159375 0.0765625 0.20625
0 0.9359375 0.0671875 0.05078125 0.065625
0 0.7859375 0.03984375 0.0890625 0.0796875
0 0.721875 0.14765625 0.0640625 0.11171875
0 0.79375 0.153125 0.1046875 0.203125
0 0.71171875 0.25 0.06953125 0.14609375
0 0.6421875 0.4265625 0.090625 0.165625
0 0.6859375 0.46328125 0.0953125 0.19453125
0 0.6796875 0.63046875 0.0546875 0.16328125
0 0.84921875 0.321875 0.06640625 0.19140625
0 0.92421875 0.353125 0.08515625 0.2203125
0 0.9640625 0.3859375 0.065625 0.1375
0 0.8765625 0.22890625 0.0796875 0.103125
0 0.609375 0.26171875 0.08515625 0.1859375
0 0.5734375 0.28203125 0.08359375 0.19765625
0 0.49453125 0.24140625 0.05078125 0.13984375
0 0.52890625 0.2734375 0.0734375 0.15703125
0 0.4765625 0.3515625 0.146875 0.2171875
0 0.5359375 0.43359375 0.08359375 0.1171875