0 0.76328125 0.91171875 0.4421875 0.1765625
0 0.08515625 0.77265625 0.1703125 0.4546875
0 0.20390625 0.64140625 0.38984375 0.66875
0 0.31484375 0.4921875 0.3625 0.65234375
0 0.534375 0.4171875 0.31640625 0.57265625
0 0.8 0.465625 0.328125 0.58671875
0 0.90234375 0.53984375 0.19296875 0.453125
0 0.03046875 0.246875 0.0609375 0.1875
0 0.02734375 0.08046875 0.0546875 0.1609375
0 0.0578125 0.0625 0.115625 0.125
0 0.90390625 0.09375 0.12890625 0.1875
0 0.97734375 0.04296875 0.0453125 0.08515625
0 0.79609375 0.09921875 0.12265625 0.1984375
0 0.73046875 0.0765625 0.05546875 0.10078125
0 0.63671875 0.146875 0.2234375 0.29375
0 0.53125 0.034375 0.059375 0.06796875
0 0.46875 0.03671875 0.09375 0.0734375
0 0.45859375 0.17578125 0.1453125 0.190625
0 0.3765625 0.0453125 0.0765625 0.090625
0 0.24375 0.0640625 0.1421875 0.12265625
0 0.18203125 0.07734375 0.0484375 0.0703125