0 0.08203125 0.88671875 0.1640625 0.0828125
0 0.08125 0.5828125 0.1265625 0.146875
0 0.34296875 0.66171875 0.20625 0.203125
0 0.7859375 0.74140625 0.184375 0.14375
0 0.89921875 0.40234375 0.10078125 0.07109375
0 0.840625 0.32890625 0.09140625 0.1234375
0 0.83046875 0.48984375 0.13515625 0.13671875
0 0.92109375 0.21953125 0.15234375 0.12734375
0 0.96875 0.14921875 0.0625 0.0640625
0 0.68984375 0.16484375 0.0875 0.05625
0 0.64609375 0.14296875 0.0671875 0.0640625
0 0.34765625 0.31640625 0.4265625 0.34765625
0 0.03984375 0.28203125 0.07890625 0.0890625
0 0.0859375 0.17265625 0.08125 0.0546875
0 0.35625 0.07890625 0.140625 0.0921875
0 0.45859375 0.096875 0.16484375 0.1734375