0 0.6046875 0.753125 0.515625 0.49296875
0 0.83125 0.35546875 0.3375 0.4265625
0 0.209375 0.35234375 0.41796875 0.3734375
0 0.35234375 0.32890625 0.3453125 0.32734375
0 0.10859375 0.5171875 0.2171875 0.190625
0 0.55546875 0.23515625 0.12890625 0.1109375
0 0.928125 0.0828125 0.1109375 0.1046875
0 0.8578125 0.1265625 0.0953125 0.07890625
0 0.78984375 0.078125 0.109375 0.05859375
0 0.81796875 0.03671875 0.08046875 0.06484375
0 0.98046875 0.04375 0.03828125 0.075
0 0.5875 0.12109375 0.18203125 0.15390625
0 0.4921875 0.1140625 0.0953125 0.07109375
0 0.3890625 0.08515625 0.103125 0.10078125
0 0.23359375 0.05859375 0.12734375 0.11328125
0 0.11328125 0.08984375 0.1171875 0.0828125
0 0.0265625 0.1203125 0.053125 0.07109375
0 0.14375 0.13125 0.0765625 0.05234375
0 0.3734375 0.02734375 0.06484375 0.04609375
0 0.33125 0.01640625 0.0765625 0.028125
0 0.55234375 0.034375 0.0625 0.0609375