0 0.0328125 0.60390625 0.065625 0.15859375
0 0.18046875 0.33828125 0.228125 0.18515625
0 0.43046875 0.29453125 0.234375 0.14609375
0 0.75390625 0.62421875 0.25078125 0.24609375
0 0.69609375 0.471875 0.1515625 0.1484375
0 0.596875 0.33984375 0.17578125 0.1640625
0 0.825 0.45390625 0.17578125 0.19140625
0 0.93828125 0.48125 0.1234375 0.240625
0 0.48203125 0.5234375 0.26875 0.3609375
0 0.325 0.4359375 0.19375 0.23984375
0 0.2234375 0.4703125 0.2078125 0.2546875
0 0.26328125 0.66640625 0.3046875 0.33671875
0 0.53828125 0.75625 0.2484375 0.2671875