0 0.16328125 0.8140625 0.059375 0.08828125
0 0.74140625 0.84375 0.10078125 0.10234375
0 0.71328125 0.6546875 0.06171875 0.0859375
0 0.6921875 0.57265625 0.06796875 0.06171875
0 0.63125 0.321875 0.08125 0.11484375
0 0.53984375 0.40703125 0.0703125 0.0921875
0 0.27734375 0.4296875 0.059375 0.046875
0 0.36171875 0.35625 0.10078125 0.09609375
0 0.43046875 0.2875 0.10546875 0.090625
0 0.50390625 0.278125 0.09453125 0.084375
0 0.83359375 0.77109375 0.03984375 0.0390625
0 0.81484375 0.79609375 0.059375 0.04921875
0 0.90625 0.82109375 0.03515625 0.04921875
0 0.9171875 0.8609375 0.0484375 0.03515625
0 0.84609375 0.8375 0.04140625 0.053125
0 0.8703125 0.81796875 0.0375 0.06328125
0 0.4640625 0.065625 0.103125 0.0984375
0 0.53984375 0.1671875 0.0703125 0.09609375
0 0.5015625 0.1515625 0.08125 0.09453125
0 0.38828125 0.12109375 0.10078125 0.10234375
0 0.34140625 0.1375 0.11640625 0.0984375
0 0.2984375 0.27578125 0.08359375 0.08828125
0 0.33359375 0.228125 0.0875 0.078125
0 0.346875 0.17421875 0.07890625 0.053125
0 0.40078125 0.20703125 0.09453125 0.06953125