0 0.5671875 0.525 0.59453125 0.39296875
0 0.84921875 0.4375 0.3015625 0.2703125
0 0.6421875 0.32734375 0.22109375 0.13515625
0 0.24609375 0.25078125 0.4921875 0.3484375
0 0.9578125 0.3046875 0.08359375 0.11328125
0 0.159375 0.0875 0.1828125 0.11484375
0 0.04921875 0.0515625 0.0984375 0.103125
0 0.58125 0.17109375 0.2453125 0.18125
0 0.471875 0.1015625 0.12578125 0.0828125
0 0.53984375 0.06328125 0.11484375 0.07421875
0 0.43515625 0.0484375 0.1171875 0.05234375
0 0.38203125 0.0765625 0.13125 0.096875