0 0.5 0.48828125 0.92890625 0.91171875
0 0.08125 0.5734375 0.16015625 0.15859375
0 0.07890625 0.20390625 0.15703125 0.40703125
0 0.02578125 0.421875 0.0515625 0.121875
0 0.98203125 0.5859375 0.0359375 0.14609375
0 0.92890625 0.41796875 0.05546875 0.046875
0 0.94765625 0.45234375 0.05546875 0.05859375
0 0.98359375 0.3890625 0.0328125 0.034375
0 0.98125 0.425 0.03671875 0.03671875
0 0.9578125 0.39765625 0.0296875 0.0359375
0 0.9921875 0.465625 0.015625 0.03203125
0 0.203125 0.37578125 0.05234375 0.05703125
0 0.1671875 0.3796875 0.03359375 0.02734375
0 0.13125 0.38046875 0.0328125 0.02421875
0 0.0875 0.37734375 0.0234375 0.02421875
0 0.065625 0.37734375 0.02421875 0.02421875