0 0.7359375 0.4796875 0.2390625 0.19453125
0 0.721875 0.29765625 0.228125 0.171875
0 0.55703125 0.2125 0.228125 0.175
0 0.35234375 0.2125 0.215625 0.1625
0 0.28359375 0.1546875 0.1109375 0.07578125
0 0.18984375 0.315625 0.215625 0.17734375
0 0.096875 0.3765625 0.09140625 0.0953125
0 0.30859375 0.35625 0.10546875 0.109375
0 0.2359375 0.4859375 0.20234375 0.16015625
0 0.4734375 0.39296875 0.24296875 0.20625
0 0.284375 0.59609375 0.175 0.11953125
0 0.16171875 0.53671875 0.1109375 0.14453125
0 0.3390625 0.46484375 0.11328125 0.103125
0 0.4796875 0.54921875 0.240625 0.1375
0 0.56953125 0.62265625 0.13828125 0.1046875
0 0.45625 0.6296875 0.21171875 0.08828125