0 0.16953125 0.871875 0.32734375 0.25625
0 0.5890625 0.89921875 0.41328125 0.20078125
0 0.878125 0.678125 0.24296875 0.396875
0 0.92421875 0.334375 0.1515625 0.26875
0 0.92890625 0.07578125 0.1421875 0.1515625
0 0.79140625 0.25546875 0.22265625 0.275
0 0.7296875 0.0984375 0.290625 0.19609375
0 0.57890625 0.1109375 0.2859375 0.221875
0 0.4015625 0.1109375 0.19296875 0.221875
0 0.59609375 0.2296875 0.228125 0.27265625
0 0.5015625 0.56328125 0.19453125 0.35625
0 0.7078125 0.6015625 0.26875 0.3875
0 0.584375 0.42109375 0.24296875 0.24296875
0 0.41484375 0.36171875 0.19296875 0.296875
0 0.328125 0.584375 0.22578125 0.32890625
0 0.13203125 0.5265625 0.2640625 0.4625
0 0.253125 0.1546875 0.20390625 0.309375
0 0.1140625 0.1859375 0.228125 0.37109375