0 0.08828125 0.3890625 0.1765625 0.35625
0 0.02265625 0.678125 0.0453125 0.12265625
0 0.059375 0.8953125 0.1125 0.08671875
0 0.16640625 0.83984375 0.11796875 0.11484375
0 0.24609375 0.646875 0.39453125 0.38359375
0 0.4234375 0.325 0.56640625 0.5578125
0 0.6578125 0.52265625 0.37578125 0.4734375
0 0.8328125 0.3859375 0.33359375 0.39375
0 0.9578125 0.6328125 0.084375 0.08984375
0 0.7765625 0.66875 0.08046875 0.08984375
0 0.928125 0.7453125 0.1046875 0.08984375
0 0.8421875 0.72890625 0.040625 0.05078125
0 0.79765625 0.8328125 0.09140625 0.06875
0 0.74375 0.9171875 0.10234375 0.0796875
0 0.64296875 0.77109375 0.08359375 0.06875
0 0.72109375 0.72109375 0.0671875 0.06171875
0 0.96796875 0.85234375 0.0640625 0.121875
0 0.90390625 0.89921875 0.09921875 0.084375
0 0.88125 0.9671875 0.109375 0.06484375
0 0.98203125 0.97578125 0.0359375 0.0484375