0 0.890625 0.146875 0.18203125 0.23984375
0 0.96953125 0.4515625 0.0609375 0.134375
0 0.86484375 0.3078125 0.128125 0.14453125
0 0.775 0.32890625 0.17578125 0.2078125
0 0.68671875 0.28125 0.109375 0.15
0 0.57890625 0.29765625 0.134375 0.1765625
0 0.6875 0.5859375 0.10234375 0.14140625
0 0.52109375 0.5484375 0.35859375 0.4875
0 0.44921875 0.26796875 0.13671875 0.22421875
0 0.31640625 0.31875 0.13671875 0.31953125
0 0.22265625 0.57265625 0.08515625 0.14453125
0 0.2265625 0.25546875 0.1 0.17265625
0 0.18125 0.3515625 0.07421875 0.11328125
0 0.11328125 0.39453125 0.096875 0.16171875
0 0.06484375 0.303125 0.1125 0.16171875
0 0.04609375 0.5 0.0859375 0.071875
0 0.040625 0.39453125 0.08125 0.1390625