0 0.03828125 0.3015625 0.0765625 0.33515625
0 0.19765625 0.35390625 0.11953125 0.2140625
0 0.33203125 0.7015625 0.2265625 0.3171875
0 0.7625 0.875 0.19609375 0.24140625
0 0.34609375 0.1125 0.178125 0.225
0 0.534375 0.04375 0.1 0.0875
0 0.534375 0.246875 0.0890625 0.146875
0 0.59296875 0.36875 0.275 0.36328125
0 0.3828125 0.5421875 0.09296875 0.146875
0 0.44765625 0.471875 0.109375 0.2171875
0 0.9265625 0.96484375 0.140625 0.0703125
0 0.95546875 0.8875 0.08125 0.09765625
0 0.76015625 0.3109375 0.075 0.11640625
0 0.80078125 0.13671875 0.0953125 0.17109375
0 0.9046875 0.36796875 0.190625 0.26875