0 0.1703125 0.07578125 0.1984375 0.115625
0 0.6109375 0.19140625 0.4046875 0.38203125
0 0.90390625 0.21953125 0.1921875 0.2859375
0 0.91875 0.90625 0.1625 0.1875
0 0.91484375 0.703125 0.1671875 0.38984375
0 0.81484375 0.4734375 0.3703125 0.4078125
0 0.48046875 0.51875 0.3984375 0.403125
0 0.2578125 0.278125 0.37890625 0.38671875
0 0.02734375 0.48046875 0.0546875 0.19375
0 0.178125 0.64609375 0.35546875 0.37890625
0 0.078125 0.92890625 0.15546875 0.13359375
0 0.36796875 0.82890625 0.4015625 0.3421875
0 0.7109375 0.7921875 0.41171875 0.41484375