0 0.9796875 0.8390625 0.03984375 0.07109375
0 0.903125 0.67890625 0.18203125 0.103125
0 0.9109375 0.6234375 0.178125 0.10390625
0 0.31796875 0.78671875 0.16015625 0.08125
0 0.28359375 0.703125 0.21640625 0.09296875
0 0.6375 0.709375 0.15703125 0.1171875
0 0.6234375 0.6109375 0.1421875 0.12265625
0 0.4796875 0.64765625 0.2625 0.17265625
0 0.09140625 0.63671875 0.1015625 0.059375
0 0.021875 0.6734375 0.04296875 0.065625
0 0.028125 0.53203125 0.05546875 0.09140625
0 0.06484375 0.5109375 0.1046875 0.09296875
0 0.08828125 0.4328125 0.0953125 0.0875
0 0.1484375 0.3859375 0.1171875 0.1484375
0 0.32109375 0.55546875 0.246875 0.14296875
0 0.4984375 0.5515625 0.21875 0.103125
0 0.41015625 0.3515625 0.259375 0.17890625
0 0.45703125 0.23203125 0.234375 0.20625
0 0.5109375 0.38828125 0.17578125 0.184375