0 0.59296875 0.946875 0.15625 0.1015625
0 0.28671875 0.92890625 0.19921875 0.1171875
0 0.39609375 0.959375 0.16015625 0.08046875
0 0.7671875 0.76875 0.16796875 0.10390625
0 0.784375 0.646875 0.1875 0.11953125
0 0.5578125 0.7296875 0.2421875 0.15546875
0 0.2828125 0.7609375 0.20703125 0.1140625
0 0.1171875 0.80546875 0.1875 0.125
0 0.10703125 0.725 0.11328125 0.08828125
0 0.0328125 0.69296875 0.065625 0.1203125
0 0.12890625 0.553125 0.2578125 0.16640625
0 0.140625 0.453125 0.2109375 0.06484375
0 0.353125 0.45234375 0.17578125 0.140625
0 0.4234375 0.62578125 0.12890625 0.078125
0 0.5 0.56875 0.1484375 0.18203125
0 0.59296875 0.61171875 0.1171875 0.075
0 0.66328125 0.4 0.234375 0.11953125
0 0.846875 0.475 0.1953125 0.10390625
0 0.74921875 0.47421875 0.1796875 0.09609375