0 0.93671875 0.625 0.12578125 0.14296875
0 0.965625 0.4484375 0.06875 0.2125
0 0.04765625 0.3359375 0.09453125 0.2921875
0 0.52734375 0.50546875 0.87265625 0.83046875
0 0.1625 0.0390625 0.13984375 0.078125
0 0.128125 0.175 0.1109375 0.08125
0 0.28671875 0.01796875 0.09609375 0.0359375
0 0.36171875 0.04921875 0.14921875 0.09765625
0 0.64375 0.096875 0.16015625 0.0796875
0 0.559375 0.01484375 0.16875 0.0296875
0 0.8421875 0.0265625 0.16328125 0.05
0 0.84921875 0.08046875 0.1234375 0.0921875
0 0.9265625 0.07265625 0.07421875 0.06640625
0 0.96640625 0.11953125 0.0671875 0.0765625