0 0.91171875 0.2375 0.1765625 0.47421875
0 0.92578125 0.39140625 0.0421875 0.0375
0 0.9640625 0.4515625 0.071875 0.1140625
0 0.90234375 0.5984375 0.1625 0.17421875
0 0.78203125 0.39921875 0.0671875 0.06171875
0 0.49609375 0.5109375 0.890625 0.9125
0 0.0265625 0.62109375 0.04765625 0.14453125
0 0.0640625 0.48359375 0.0578125 0.05
0 0.08125 0.440625 0.03671875 0.04453125
0 0.03203125 0.459375 0.02578125 0.03828125
0 0.05546875 0.43125 0.02890625 0.02890625
0 0.03046875 0.425 0.03046875 0.0296875
0 0.0046875 0.43984375 0.009375 0.0375
0 0.01484375 0.46171875 0.01953125 0.03125