0 0.98984375 0.54375 0.0203125 0.153125
0 0.97734375 0.6375 0.0234375 0.03359375
0 0.94296875 0.60390625 0.0359375 0.05390625
0 0.50859375 0.68203125 0.134375 0.209375
0 0.128125 0.60390625 0.06953125 0.09765625
0 0.87734375 0.57265625 0.09140625 0.1859375
0 0.9234375 0.57109375 0.02734375 0.0453125
0 0.85 0.64375 0.0296875 0.05078125
0 0.79453125 0.50703125 0.109375 0.16171875
0 0.721875 0.56484375 0.05078125 0.0796875
0 0.784375 0.6859375 0.021875 0.0453125
0 0.7203125 0.6265625 0.01796875 0.0375
0 0.7484375 0.6265625 0.0125 0.0265625
0 0.71640625 0.19296875 0.31015625 0.3796875
0 0.2265625 0.24296875 0.26796875 0.4015625
0 0.58046875 0.3953125 0.06953125 0.1015625
0 0.63203125 0.340625 0.1265625 0.18046875
0 0.6296875 0.5265625 0.0390625 0.0578125
0 0.4984375 0.509375 0.04140625 0.0625
0 0.3921875 0.48828125 0.0484375 0.0640625
0 0.32421875 0.49765625 0.10234375 0.13125
0 0.41328125 0.62421875 0.0546875 0.09921875
0 0.43203125 0.53984375 0.0265625 0.05234375
0 0.29609375 0.58203125 0.028125 0.04921875
0 0.45625 0.5546875 0.01796875 0.03671875
0 0.41328125 0.6234375 0.0578125 0.09765625
0 0.4453125 0.58984375 0.015625 0.025
0 0.33203125 0.5890625 0.05546875 0.07890625
0 0.05859375 0.40546875 0.04609375 0.1046875
0 0.01484375 0.4046875 0.0296875 0.078125
0 0.00859375 0.36484375 0.0171875 0.0796875
0 0.0296875 0.478125 0.021875 0.059375
0 0.02265625 0.81015625 0.0453125 0.04375
0 0.11328125 0.44609375 0.06640625 0.14375