0 0.65078125 0.565625 0.1890625 0.2953125
0 0.31484375 0.415625 0.15625 0.21875
0 0.14765625 0.565625 0.178125 0.21328125
0 0.38203125 0.2515625 0.1234375 0.196875
0 0.5453125 0.1171875 0.134375 0.18046875
0 0.721875 0.171875 0.0765625 0.1203125
0 0.84765625 0.2515625 0.0765625 0.13125
0 0.921875 0.3578125 0.109375 0.15859375
0 0.56171875 0.259375 0.1234375 0.15859375
0 0.19609375 0.2046875 0.1125 0.12578125
0 0.0984375 0.13359375 0.07265625 0.0984375
0 0.06171875 0.26796875 0.06875 0.0984375
0 0.79296875 0.11484375 0.065625 0.0765625
0 0.678125 0.10390625 0.0578125 0.08203125
0 0.090625 0.4265625 0.09453125 0.12578125
0 0.97578125 0.6046875 0.0484375 0.115625