0 0.3046875 0.83984375 0.1296875 0.1296875
0 0.403125 0.8703125 0.10703125 0.11015625
0 0.5546875 0.81484375 0.11015625 0.1203125
0 0.88984375 0.94453125 0.1703125 0.1109375
0 0.83515625 0.7953125 0.11015625 0.0796875
0 0.68984375 0.725 0.1 0.1
0 0.6546875 0.55 0.08984375 0.0796875
0 0.5453125 0.61015625 0.0796875 0.0796875
0 0.4546875 0.7203125 0.0796875 0.0703125
0 0.3796875 0.75 0.0703125 0.0796875
0 0.3453125 0.58984375 0.1 0.08984375
0 0.2046875 0.625 0.1203125 0.11015625
0 0.0953125 0.7703125 0.1203125 0.1203125
0 0.1203125 0.58515625 0.0796875 0.08984375
0 0.25 0.51015625 0.0703125 0.0796875
0 0.4703125 0.5203125 0.0703125 0.0796875
0 0.5453125 0.4796875 0.06015625 0.06015625
0 0.9203125 0.5703125 0.0703125 0.0703125
0 0.8203125 0.6796875 0.0703125 0.0796875