0 0.11015625 0.56171875 0.2203125 0.44140625
0 0.634375 0.8578125 0.31640625 0.284375
0 0.8921875 0.58359375 0.215625 0.534375
0 0.8375 0.28515625 0.325 0.44296875
0 0.71640625 0.06015625 0.2046875 0.1203125
0 0.84453125 0.140625 0.3078125 0.28046875
0 0.88828125 0.040625 0.2140625 0.08125
0 0.56484375 0.5546875 0.37734375 0.58671875
0 0.48125 0.36484375 0.28515625 0.30703125
0 0.46953125 0.17109375 0.18671875 0.2484375
0 0.53828125 0.2625 0.27421875 0.25
0 0.20546875 0.20546875 0.290625 0.4109375
0 0.2828125 0.3546875 0.21328125 0.2453125
0 0.3171875 0.08359375 0.2625 0.1671875
0 0.08515625 0.0875 0.1703125 0.175
0 0.06171875 0.22890625 0.12265625 0.265625