0 0.94375 0.7859375 0.04609375 0.071875
0 0.990625 0.80625 0.01796875 0.03828125
0 0.84296875 0.74765625 0.15859375 0.3328125
0 0.79375 0.6125 0.12578125 0.18125
0 0.53046875 0.6953125 0.05625 0.0890625
0 0.5953125 0.7859375 0.04609375 0.071875
0 0.73359375 0.734375 0.03984375 0.05234375
0 0.628125 0.82734375 0.025 0.046875
0 0.73125 0.7953125 0.0234375 0.05234375
0 0.7125 0.80078125 0.021875 0.040625
0 0.7453125 0.78046875 0.015625 0.02734375
0 0.565625 0.7890625 0.0296875 0.04453125
0 0.49296875 0.80390625 0.0609375 0.08984375
0 0.503125 0.73984375 0.0375 0.046875
0 0.53359375 0.76953125 0.0390625 0.05234375
0 0.35703125 0.84375 0.0625 0.08359375
0 0.42109375 0.80703125 0.040625 0.0796875
0 0.1296875 0.75546875 0.059375 0.0859375
0 0.1953125 0.78515625 0.1 0.1890625
0 0.10078125 0.76953125 0.021875 0.025
0 0.0546875 0.753125 0.01328125 0.0234375
0 0.0359375 0.7671875 0.0171875 0.015625
0 0.07578125 0.76015625 0.01953125 0.02890625
0 0.31484375 0.4984375 0.453125 0.6578125