0 0.0859375 0.65390625 0.16171875 0.1578125
0 0.19453125 0.81796875 0.3890625 0.3640625
0 0.1203125 0.22109375 0.15390625 0.1359375
0 0.078125 0.03515625 0.10625 0.0703125
0 0.37265625 0.07890625 0.26015625 0.1578125
0 0.6 0.47578125 0.35625 0.34921875
0 0.8953125 0.91015625 0.209375 0.17890625
0 0.76796875 0.7875 0.20234375 0.23984375
0 0.86484375 0.5796875 0.19921875 0.175
0 0.86875 0.278125 0.2625 0.3078125
0 0.91796875 0.13828125 0.1640625 0.19921875
0 0.80859375 0.0421875 0.1078125 0.084375
0 0.68828125 0.09453125 0.10390625 0.0875
0 0.5515625 0.103125 0.11328125 0.13359375
0 0.60703125 0.0125 0.10859375 0.02421875