0 0.059375 0.68203125 0.11796875 0.44609375
0 0.1640625 0.53671875 0.1125 0.2125
0 0.3265625 0.43828125 0.09453125 0.3046875
0 0.21875 0.4328125 0.07890625 0.15703125
0 0.04140625 0.2984375 0.08203125 0.203125
0 0.10859375 0.2921875 0.0875 0.190625
0 0.45859375 0.4296875 0.075 0.20625
0 0.93359375 0.50078125 0.1328125 0.4609375
0 0.70390625 0.4921875 0.440625 0.78203125
0 0.91875 0.296875 0.05 0.1078125
0 0.42734375 0.25859375 0.0625 0.1296875
0 0.47734375 0.24296875 0.06953125 0.196875
0 0.459375 0.3125 0.059375 0.0953125
0 0.3578125 0.2859375 0.046875 0.0921875
0 0.19140625 0.2875 0.07890625 0.13828125