0 0.065625 0.47578125 0.12734375 0.16640625
0 0.196875 0.3734375 0.2015625 0.30078125
0 0.3421875 0.278125 0.0796875 0.1046875
0 0.4796875 0.5875 0.23828125 0.32578125
0 0.56171875 0.846875 0.26484375 0.26328125
0 0.5046875 0.33515625 0.0578125 0.084375
0 0.6078125 0.39609375 0.084375 0.0921875
0 0.60625 0.27421875 0.04921875 0.071875
0 0.64609375 0.290625 0.04921875 0.07421875
0 0.771875 0.4296875 0.09921875 0.19375
0 0.821875 0.32578125 0.1390625 0.20390625
0 0.8859375 0.43984375 0.12890625 0.19375
0 0.97890625 0.54921875 0.0421875 0.0671875
0 0.31875 0.859375 0.07578125 0.0796875
0 0.359375 0.9078125 0.07734375 0.1515625