0 0.303125 0.82734375 0.096875 0.1609375
0 0.47421875 0.91328125 0.1171875 0.1734375
0 0.603125 0.8359375 0.06015625 0.1546875
0 0.83984375 0.371875 0.08359375 0.11875
0 0.73359375 0.375 0.0796875 0.1484375
0 0.475 0.41953125 0.0765625 0.13125
0 0.58359375 0.4140625 0.0703125 0.11328125
0 0.76796875 0.54765625 0.0796875 0.13671875
0 0.6734375 0.5859375 0.0703125 0.125
0 0.68984375 0.871875 0.0703125 0.11875
0 0.925 0.91328125 0.1 0.1734375
0 0.84296875 0.934375 0.06328125 0.11875
0 0.16796875 0.92890625 0.08359375 0.13671875
0 0.1796875 0.503125 0.06640625 0.13671875
0 0.203125 0.26796875 0.0703125 0.13125
0 0.23671875 0.1640625 0.06015625 0.0890625
0 0.08828125 0.2828125 0.0703125 0.1015625
0 0.028125 0.40078125 0.05625 0.1359375
0 0.04296875 0.57734375 0.06328125 0.13125
0 0.096875 0.6015625 0.06640625 0.11875
0 0.346875 0.5328125 0.0796875 0.125
0 0.11484375 0.88125 0.096875 0.1609375
0 0.428125 0.69609375 0.1 0.1609375
0 0.81484375 0.7796875 0.0734375 0.14296875
0 0.91640625 0.72890625 0.05703125 0.13125
0 0.928125 0.440625 0.06640625 0.1609375
0 0.6 0.24140625 0.0734375 0.11875
0 0.5015625 0.0921875 0.06015625 0.08359375
0 0.33515625 0.23515625 0.05703125 0.1015625
0 0.41484375 0.2890625 0.0703125 0.13125
0 0.1703125 0.80390625 0.06640625 0.1546875
0 0.08671875 0.2109375 0.0765625 0.13671875
0 0.93515625 0.1578125 0.06015625 0.1015625
0 0.796875 0.1484375 0.046875 0.07734375
0 0.75859375 0.04453125 0.05703125 0.0890625
0 0.58203125 0.07421875 0.053125 0.08359375
0 0.1265625 0.48203125 0.0734375 0.10703125
0 0.3296875 0.07734375 0.06015625 0.11875
0 0.30703125 0.375 0.06328125 0.0953125
0 0.26328125 0.565625 0.06640625 0.08359375
0 0.7453125 0.8484375 0.0703125 0.17265625
0 0.5390625 0.7703125 0.078125 0.1359375
0 0.53671875 0.58046875 0.05703125 0.11328125
0 0.5265625 0.66640625 0.05703125 0.11328125
0 0.41171875 0.4078125 0.08359375 0.11328125
0 0.88203125 0.2140625 0.05703125 0.10703125