0 0.5 0.8328125 0.27421875 0.325
0 0.71015625 0.634375 0.1734375 0.221875
0 0.11015625 0.5953125 0.2203125 0.28359375
0 0.51796875 0.49609375 0.13125 0.1546875
0 0.696875 0.4640625 0.0734375 0.1234375
0 0.82421875 0.4359375 0.0578125 0.07734375
0 0.25859375 0.51015625 0.1234375 0.16015625
0 0.28984375 0.7140625 0.22421875 0.325
0 0.4015625 0.70078125 0.21640625 0.2734375
0 0.565625 0.64921875 0.17734375 0.20625
0 0.69375 0.9328125 0.278125 0.134375
0 0.9109375 0.853125 0.16953125 0.221875
0 0.0828125 0.37109375 0.07734375 0.0828125
0 0.20234375 0.4359375 0.0890625 0.09765625
0 0.615625 0.42265625 0.0734375 0.0875
0 0.8359375 0.33515625 0.0421875 0.05703125
0 0.9125 0.4171875 0.05078125 0.07109375