0 0.12109375 0.8484375 0.12890625 0.2140625
0 0.21875 0.7078125 0.08046875 0.14296875
0 0.14375 0.5453125 0.1015625 0.1015625
0 0.0375 0.5578125 0.075 0.15625
0 0.23828125 0.51015625 0.06875 0.078125
0 0.20078125 0.59921875 0.07421875 0.0875
0 0.6421875 0.8296875 0.09609375 0.1328125
0 0.46640625 0.653125 0.10546875 0.17265625
0 0.378125 0.72421875 0.0671875 0.134375
0 0.2734375 0.34375 0.17265625 0.325
0 0.36484375 0.4515625 0.10078125 0.19609375
0 0.421875 0.23828125 0.19609375 0.3171875
0 0.56171875 0.4609375 0.16953125 0.378125
0 0.68125 0.475 0.09296875 0.14296875
0 0.746875 0.4046875 0.1265625 0.20078125
0 0.85859375 0.3453125 0.2328125 0.36640625
0 0.90859375 0.603125 0.10703125 0.19609375
0 0.9046875 0.853125 0.0546875 0.0875
0 0.96015625 0.53828125 0.0796875 0.34453125