0 0.903125 0.2796875 0.071875 0.11640625
0 0.98515625 0.725 0.0296875 0.05
0 0.990625 0.15859375 0.01796875 0.04375
0 0.990625 0.04140625 0.01875 0.0515625
0 0.81640625 0.8390625 0.0453125 0.06171875
0 0.67578125 0.8171875 0.0625 0.08125
0 0.7640625 0.390625 0.0921875 0.1109375
0 0.54296875 0.615625 0.06015625 0.07265625
0 0.48828125 0.76015625 0.04296875 0.05859375
0 0.43359375 0.92890625 0.03203125 0.05234375
0 0.315625 0.8125 0.07890625 0.115625
0 0.28203125 0.58828125 0.075 0.10703125
0 0.3140625 0.43984375 0.08828125 0.103125
0 0.503125 0.1703125 0.0671875 0.08125
0 0.26015625 0.5375 0.0453125 0.06640625
0 0.13125 0.8328125 0.03203125 0.0828125
0 0.1109375 0.49453125 0.05 0.0625
0 0.0234375 0.54921875 0.04453125 0.103125