0 0.20390625 0.69296875 0.1859375 0.21953125
0 0.73046875 0.81640625 0.19453125 0.2
0 0.9109375 0.578125 0.1609375 0.1890625
0 0.9390625 0.39609375 0.11640625 0.16953125
0 0.684375 0.384375 0.18046875 0.1859375
0 0.94296875 0.2234375 0.1140625 0.096875
0 0.9765625 0.50546875 0.046875 0.15546875
0 0.05703125 0.109375 0.0859375 0.14140625
0 0.29296875 0.2609375 0.28046875 0.3
0 0.2375 0.05546875 0.1109375 0.1109375
0 0.4390625 0.0859375 0.2 0.1609375
0 0.82109375 0.10546875 0.15859375 0.178125
0 0.6609375 0.19453125 0.1609375 0.178125
0 0.571875 0.32890625 0.16640625 0.19140625