0 0.953125 0.5453125 0.09375 0.128125
0 0.75390625 0.63828125 0.07421875 0.084375
0 0.85546875 0.65 0.09609375 0.13671875
0 0.7921875 0.97265625 0.23125 0.0546875
0 0.54296875 0.8875 0.2328125 0.225
0 0.3921875 0.90546875 0.09609375 0.16640625
0 0.35390625 0.97109375 0.14375 0.05703125
0 0.09921875 0.96328125 0.078125 0.06796875
0 0.34609375 0.73515625 0.11796875 0.175
0 0.17578125 0.93046875 0.2203125 0.1390625
0 0.15625 0.84453125 0.16328125 0.18046875
0 0.03515625 0.80390625 0.0703125 0.1984375
0 0.2375 0.69375 0.1328125 0.24609375
0 0.1078125 0.45390625 0.121875 0.15859375
0 0.0671875 0.5640625 0.13125 0.0953125
0 0.4984375 0.39765625 0.63671875 0.7953125