0 0.87265625 0.83359375 0.15625 0.190625
0 0.9109375 0.54140625 0.1609375 0.190625
0 0.75234375 0.44921875 0.10234375 0.14921875
0 0.66953125 0.55078125 0.125 0.1609375
0 0.53828125 0.496875 0.11171875 0.0890625
0 0.546875 0.5984375 0.08515625 0.11328125
0 0.6515625 0.85078125 0.125 0.17890625
0 0.0515625 0.89296875 0.07578125 0.13125
0 0.10703125 0.52109375 0.13359375 0.14921875
0 0.046875 0.3125 0.08515625 0.10078125
0 0.2609375 0.45546875 0.08515625 0.0890625
0 0.390625 0.88984375 0.09375 0.0890625
0 0.3953125 0.8125 0.08515625 0.0890625
0 0.36640625 0.70859375 0.125 0.10703125
0 0.9703125 0.29609375 0.059375 0.1203125
0 0.86484375 0.303125 0.05546875 0.08828125
0 0.81953125 0.3609375 0.0625 0.07421875
0 0.51015625 0.27578125 0.034375 0.06953125
0 0.50546875 0.12734375 0.02421875 0.05078125
0 0.4828125 0.15703125 0.028125 0.05546875
0 0.5640625 0.15546875 0.0453125 0.04140625
0 0.4046875 0.3078125 0.065625 0.06953125
0 0.346875 0.23125 0.04140625 0.06484375
0 0.21328125 0.29375 0.059375 0.06953125
0 0.17734375 0.25234375 0.05546875 0.06953125
0 0.16171875 0.31015625 0.0796875 0.06484375