0 0.83515625 0.61875 0.0328125 0.0828125
0 0.6671875 0.65 0.0375 0.08046875
0 0.4421875 0.59453125 0.04140625 0.07109375
0 0.48125 0.590625 0.0375 0.0734375
0 0.5390625 0.58125 0.04375 0.0734375
0 0.5921875 0.5890625 0.03125 0.090625
0 0.63828125 0.58515625 0.0296875 0.0609375
0 0.5734375 0.5234375 0.0453125 0.07109375
0 0.5296875 0.50859375 0.03515625 0.05625
0 0.4546875 0.5203125 0.0390625 0.06640625
0 0.371875 0.5953125 0.04140625 0.06875
0 0.3890625 0.5484375 0.04375 0.07578125
0 0.3609375 0.50234375 0.04140625 0.08046875
0 0.390625 0.46796875 0.04140625 0.07109375
0 0.3328125 0.546875 0.04375 0.0875
0 0.29921875 0.57421875 0.03515625 0.05859375
0 0.2359375 0.584375 0.0390625 0.07109375
0 0.25390625 0.54375 0.0390625 0.08046875
0 0.28203125 0.490625 0.03515625 0.04453125
0 0.3234375 0.44375 0.0328125 0.05625
0 0.24921875 0.4765625 0.02265625 0.07109375
0 0.7140625 0.51171875 0.0265625 0.06640625
0 0.66796875 0.5578125 0.0234375 0.06640625
0 0.6234375 0.546875 0.03984375 0.0609375
0 0.640625 0.490625 0.0265625 0.0609375
0 0.61015625 0.4796875 0.0359375 0.08046875
0 0.68828125 0.4578125 0.03984375 0.078125
0 0.734375 0.44609375 0.028125 0.06875
0 0.76015625 0.53046875 0.03359375 0.07109375
0 0.06015625 0.55859375 0.04609375 0.078125
0 0.18828125 0.60859375 0.03984375 0.0640625
0 0.13203125 0.6296875 0.0359375 0.06875
0 0.1703125 0.465625 0.0390625 0.06875
0 0.11171875 0.45546875 0.03984375 0.08046875
0 0.909375 0.578125 0.04140625 0.05859375
0 0.94375 0.5421875 0.0421875 0.06875
0 0.9484375 0.6234375 0.0421875 0.06875
0 0.78984375 0.59921875 0.0453125 0.0921875
0 0.89765625 0.53515625 0.03984375 0.04921875
0 0.159375 0.54140625 0.0375 0.07578125
0 0.1140625 0.58828125 0.02890625 0.0734375
0 0.81328125 0.53671875 0.03671875 0.06953125
0 0.86015625 0.5359375 0.03359375 0.065625
0 0.86328125 0.625 0.03515625 0.08515625
0 0.97265625 0.6703125 0.0296875 0.09140625