0 0.9625 0.6921875 0.075 0.30703125
0 0.86953125 0.45390625 0.2609375 0.3375
0 0.63203125 0.425 0.321875 0.49921875
0 0.0671875 0.80234375 0.134375 0.20703125
0 0.10546875 0.87578125 0.1328125 0.1859375
0 0.31171875 0.5609375 0.10703125 0.1796875
0 0.40546875 0.428125 0.12109375 0.1875
0 0.27265625 0.428125 0.10078125 0.19375
0 0.05234375 0.42265625 0.10078125 0.24609375
0 0.01796875 0.496875 0.0359375 0.16328125
0 0.04609375 0.56171875 0.0578125 0.09140625
0 0.09375 0.52578125 0.0609375 0.08515625