0 0.01171875 0.55625 0.0234375 0.17578125
0 0.09609375 0.9515625 0.1015625 0.096875
0 0.1546875 0.81328125 0.12734375 0.20234375
0 0.1234375 0.55859375 0.22890625 0.41953125
0 0.29921875 0.4796875 0.2140625 0.3859375
0 0.359375 0.5953125 0.19140625 0.2265625
0 0.43515625 0.490625 0.12734375 0.18359375
0 0.3390625 0.7984375 0.22734375 0.3375
0 0.575 0.49453125 0.2875 0.43828125
0 0.665625 0.934375 0.14375 0.13125
0 0.6609375 0.7640625 0.23125 0.3203125
0 0.725 0.55625 0.12265625 0.1796875
0 0.82578125 0.57421875 0.26640625 0.39921875
0 0.94375 0.525 0.1125 0.23203125
0 0.88125 0.74765625 0.23671875 0.31015625
0 0.95703125 0.8234375 0.0859375 0.35