0 0.02265625 0.596875 0.0453125 0.075
0 0.09140625 0.58046875 0.13671875 0.11484375
0 0.18515625 0.5453125 0.1234375 0.125
0 0.1703125 0.6015625 0.0734375 0.0421875
0 0.3203125 0.64609375 0.26640625 0.2078125
0 0.35703125 0.54140625 0.13984375 0.0875
0 0.421875 0.56875 0.08984375 0.0578125
0 0.4984375 0.59609375 0.0703125 0.0421875
0 0.93828125 0.6125 0.1234375 0.16015625
0 0.9734375 0.51875 0.053125 0.0578125
0 0.94140625 0.5375 0.11015625 0.0796875
0 0.85 0.55390625 0.11328125 0.07734375
0 0.7796875 0.55 0.06015625 0.0453125
0 0.70859375 0.54296875 0.03671875 0.03984375
0 0.71328125 0.64375 0.2203125 0.1625
0 0.59296875 0.6453125 0.153125 0.1703125
0 0.5484375 0.56640625 0.1296875 0.0921875
0 0.678125 0.55390625 0.0703125 0.0421875
0 0.6453125 0.53046875 0.04296875 0.0296875
0 0.6203125 0.54609375 0.06015625 0.04765625