0 0.54453125 0.85703125 0.0859375 0.13203125
0 0.64140625 0.88046875 0.0734375 0.1234375
0 0.63515625 0.66015625 0.06875 0.12734375
0 0.8609375 0.54140625 0.06640625 0.11640625
0 0.871875 0.61640625 0.05 0.103125
0 0.9546875 0.5234375 0.05859375 0.12109375
0 0.459375 0.515625 0.05390625 0.08828125
0 0.50625 0.5109375 0.0453125 0.08359375
0 0.3921875 0.53046875 0.0421875 0.0703125
0 0.2640625 0.715625 0.0375 0.0765625
0 0.3046875 0.68671875 0.05234375 0.0703125
0 0.3515625 0.66015625 0.04375 0.0640625
0 0.3859375 0.69140625 0.0375 0.06171875
0 0.43828125 0.7046875 0.0421875 0.0703125
0 0.48203125 0.65390625 0.05234375 0.08359375
0 0.1625 0.64296875 0.06875 0.06796875
0 0.2390625 0.61328125 0.05 0.06796875
0 0.15625 0.721875 0.0390625 0.0703125
0 0.109375 0.70234375 0.0375 0.075
0 0.0734375 0.73046875 0.05234375 0.08125
0 0.0296875 0.76171875 0.05625 0.08359375
0 0.071875 0.6578125 0.0421875 0.06640625
0 0.17734375 0.503125 0.0421875 0.0703125
0 0.13828125 0.446875 0.0421875 0.075
0 0.0296875 0.54921875 0.059375 0.0765625
0 0.05390625 0.4703125 0.03359375 0.0703125
0 0.05625 0.37890625 0.0421875 0.06796875
0 0.2515625 0.384375 0.0421875 0.075
0 0.2265625 0.49140625 0.0359375 0.0546875
0 0.409375 0.4515625 0.0390625 0.053125
0 0.478125 0.43046875 0.0359375 0.075
0 0.55859375 0.396875 0.03125 0.07265625
0 0.8390625 0.31015625 0.03984375 0.0703125
0 0.89921875 0.3859375 0.03515625 0.0546875
0 0.74375 0.39921875 0.04765625 0.0546875
0 0.7640625 0.50078125 0.04765625 0.07890625
0 0.7421875 0.58828125 0.0359375 0.08125
0 0.68984375 0.615625 0.03984375 0.08828125
0 0.5953125 0.40078125 0.0265625 0.05078125
0 0.6546875 0.38828125 0.02890625 0.05703125
0 0.3203125 0.36796875 0.03359375 0.0546875
0 0.3421875 0.5 0.0328125 0.04609375
0 0.2984375 0.48203125 0.03125 0.06171875
0 0.1578125 0.3546875 0.0328125 0.059375
0 0.09609375 0.309375 0.0359375 0.04921875