0 0.2578125 0.7953125 0.18984375 0.28671875
0 0.41796875 0.83359375 0.09140625 0.16640625
0 0.53984375 0.91015625 0.11875 0.1359375
0 0.57265625 0.8140625 0.07734375 0.12265625
0 0.6359375 0.65859375 0.0453125 0.08515625
0 0.4671875 0.7328125 0.05390625 0.07890625
0 0.5609375 0.7015625 0.04375 0.0828125
0 0.475 0.64140625 0.04140625 0.06328125
0 0.5515625 0.63203125 0.0421875 0.05
0 0.71015625 0.57734375 0.0453125 0.0703125
0 0.734375 0.66484375 0.04140625 0.1421875
0 0.821875 0.5796875 0.03125 0.0609375
0 0.93125 0.5875 0.03359375 0.08984375
0 0.953125 0.73203125 0.0828125 0.15546875
0 0.8203125 0.671875 0.0453125 0.0484375
0 0.38671875 0.721875 0.04609375 0.09375
0 0.1609375 0.6890625 0.0453125 0.07421875
0 0.20234375 0.6484375 0.05 0.07890625
0 0.1625 0.58125 0.0265625 0.04609375
0 0.078125 0.765625 0.07265625 0.1203125
0 0.078125 0.6359375 0.02265625 0.0546875
0 0.1046875 0.61796875 0.02734375 0.0390625
0 0.3703125 0.603125 0.0265625 0.040625
0 0.3125 0.5921875 0.0359375 0.0546875
0 0.26328125 0.57421875 0.02890625 0.05234375
0 0.21953125 0.56328125 0.03359375 0.03515625
0 0.1109375 0.55546875 0.02265625 0.03046875
0 0.0484375 0.56875 0.0203125 0.0375
0 0.45546875 0.5703125 0.0296875 0.059375
0 0.4828125 0.553125 0.0203125 0.03046875
0 0.53203125 0.546875 0.0234375 0.0546875
0 0.57578125 0.53046875 0.02890625 0.05
0 0.66796875 0.54609375 0.0265625 0.0390625
0 0.60859375 0.57578125 0.02734375 0.03515625
0 0.75546875 0.49921875 0.01640625 0.028125
0 0.7765625 0.62265625 0.025 0.07421875