0 0.29140625 0.93515625 0.03984375 0.06328125
0 0.5640625 0.93515625 0.0375 0.02578125
0 0.8390625 0.865625 0.02890625 0.05078125
0 0.87734375 0.86640625 0.0265625 0.0390625
0 0.9125 0.85390625 0.0203125 0.0484375
0 0.9515625 0.83984375 0.01875 0.0390625
0 0.15703125 0.9328125 0.03125 0.05078125
0 0.3734375 0.978125 0.0359375 0.04296875
0 0.40546875 0.953125 0.03984375 0.0484375
0 0.44609375 0.86328125 0.02890625 0.04296875
0 0.48515625 0.9015625 0.02109375 0.03359375
0 0.49921875 0.87578125 0.02734375 0.04296875
0 0.5296875 0.93828125 0.0265625 0.0375
0 0.6046875 0.85625 0.0359375 0.046875
0 0.62734375 0.89609375 0.02890625 0.0390625
0 0.6953125 0.8484375 0.02109375 0.046875
0 0.71953125 0.8609375 0.03125 0.03515625
0 0.73828125 0.83828125 0.02890625 0.0390625
0 0.63046875 0.790625 0.01875 0.02578125
0 0.66328125 0.790625 0.0171875 0.03203125
0 0.490625 0.83046875 0.02265625 0.0296875
0 0.51171875 0.828125 0.02265625 0.0296875
0 0.3546875 0.85625 0.0203125 0.04140625
0 0.4015625 0.8484375 0.02890625 0.03203125
0 0.296875 0.85703125 0.0390625 0.03515625
0 0.32578125 0.83359375 0.01640625 0.028125
0 0.33203125 0.8015625 0.01640625 0.0203125
0 0.459375 0.834375 0.0296875 0.02578125
0 0.35390625 0.94453125 0.0359375 0.05078125
0 0.33203125 0.9703125 0.03515625 0.05078125
0 0.565625 0.88125 0.0296875 0.03515625
0 0.5703125 0.91015625 0.03125 0.0484375
0 0.65625 0.84921875 0.02265625 0.04296875
0 0.72578125 0.80625 0.0125 0.0390625
0 0.7484375 0.80390625 0.0265625 0.03515625
0 0.5421875 0.82734375 0.0171875 0.03203125
0 0.546875 0.8859375 0.0171875 0.0390625
0 0.47578125 0.778125 0.01640625 0.02578125
0 0.421875 0.78203125 0.0203125 0.03515625
0 0.38359375 0.80078125 0.0203125 0.02578125
0 0.3078125 0.79609375 0.0234375 0.02578125
0 0.2609375 0.8484375 0.0125 0.028125