0 0.59765625 0.5734375 0.1328125 0.14296875
0 0.7125 0.48828125 0.03515625 0.06796875
0 0.80546875 0.46171875 0.05859375 0.06328125
0 0.8328125 0.61171875 0.06484375 0.10859375
0 0.890625 0.7671875 0.13984375 0.171875
0 0.3734375 0.86953125 0.1484375 0.196875
0 0.5078125 0.85 0.0734375 0.1
0 0.6109375 0.7609375 0.07890625 0.1046875
0 0.5453125 0.76640625 0.05859375 0.08671875
0 0.6859375 0.89296875 0.0640625 0.075
0 0.17265625 0.9546875 0.0625 0.08671875
0 0.27578125 0.85234375 0.07109375 0.09140625
0 0.2203125 0.603125 0.0796875 0.1046875
0 0.35 0.653125 0.0671875 0.096875
0 0.4578125 0.59921875 0.0609375 0.0953125
0 0.27421875 0.490625 0.06015625 0.075
0 0.134375 0.5546875 0.06015625 0.06796875
0 0.0359375 0.52109375 0.0515625 0.06015625
0 0.1203125 0.59921875 0.0515625 0.0484375
0 0.165625 0.67265625 0.03359375 0.053125
0 0.20703125 0.7625 0.03515625 0.0515625
0 0.03515625 0.7234375 0.03125 0.028125
0 0.0140625 0.7703125 0.028125 0.1
0 0.378125 0.4703125 0.0484375 0.03984375
0 0.4546875 0.4875 0.03359375 0.0453125
0 0.35 0.51015625 0.05625 0.0515625
0 0.9125 0.51484375 0.06015625 0.078125