0 0.29140625 0.865625 0.1578125 0.23515625
0 0.3671875 0.74453125 0.1046875 0.1859375
0 0.4078125 0.65546875 0.0609375 0.13359375
0 0.6734375 0.8046875 0.09609375 0.121875
0 0.63515625 0.73046875 0.07265625 0.10390625
0 0.6046875 0.68515625 0.05234375 0.08203125
0 0.134375 0.740625 0.1015625 0.13359375
0 0.196875 0.675 0.07734375 0.096875
0 0.171875 0.58046875 0.04140625 0.0671875
0 0.0890625 0.58515625 0.05234375 0.075
0 0.02734375 0.59453125 0.0546875 0.10546875
0 0.9171875 0.68125 0.09609375 0.1609375
0 0.8390625 0.70546875 0.08125 0.12421875
0 0.79140625 0.6265625 0.07109375 0.0890625
0 0.7234375 0.66171875 0.06484375 0.08203125
0 0.83515625 0.525 0.0328125 0.0640625
0 0.93359375 0.52578125 0.0359375 0.06953125
0 0.2765625 0.63046875 0.0203125 0.03359375
0 0.55234375 0.63984375 0.02890625 0.0453125