0 0.5375 0.57578125 0.68828125 0.49296875
0 0.7015625 0.8453125 0.11328125 0.1453125
0 0.90390625 0.3734375 0.19140625 0.19140625
0 0.6203125 0.2453125 0.18828125 0.13671875
0 0.84765625 0.14296875 0.20703125 0.12890625
0 0.2828125 0.271875 0.20859375 0.0953125
0 0.06796875 0.48203125 0.125 0.17578125
0 0.1875 0.0953125 0.1265625 0.0796875
0 0.56796875 0.14140625 0.16796875 0.09453125
0 0.10859375 0.09453125 0.096875 0.0875
0 0.71015625 0.1046875 0.10234375 0.05
0 0.6015625 0.08046875 0.08984375 0.0453125
0 0.50859375 0.10703125 0.078125 0.05625