0 0.0515625 0.55 0.096875 0.190625
0 0.11328125 0.68515625 0.1015625 0.23125
0 0.240625 0.56484375 0.1125 0.209375
0 0.29765625 0.828125 0.0828125 0.21328125
0 0.21171875 0.790625 0.07265625 0.24765625
0 0.38984375 0.53046875 0.06875 0.15546875
0 0.5484375 0.84453125 0.1421875 0.2828125
0 0.7171875 0.58671875 0.1328125 0.2421875
0 0.78984375 0.58828125 0.06171875 0.10625
0 0.73203125 0.890625 0.17421875 0.2046875
0 0.9359375 0.85859375 0.128125 0.26640625
0 0.959375 0.68046875 0.08125 0.1328125
0 0.84609375 0.6390625 0.08125 0.12890625
0 0.61640625 0.55546875 0.1 0.14921875
0 0.49140625 0.53046875 0.04609375 0.0796875
0 0.3046875 0.4828125 0.03359375 0.06796875