0 0.25 0.88203125 0.1875 0.20859375
0 0.7984375 0.7921875 0.1046875 0.1484375
0 0.5578125 0.69375 0.14609375 0.17578125
0 0.66015625 0.65546875 0.10234375 0.13984375
0 0.8484375 0.6359375 0.0875 0.13125
0 0.9328125 0.4703125 0.1140625 0.13671875
0 0.92109375 0.35 0.09140625 0.10703125
0 0.83515625 0.3953125 0.1078125 0.12421875
0 0.8234375 0.49140625 0.0921875 0.09609375
0 0.7421875 0.55390625 0.08359375 0.1140625
0 0.753125 0.71796875 0.1109375 0.13984375
0 0.17421875 0.68359375 0.125 0.18828125
0 0.26953125 0.48515625 0.10390625 0.1484375
0 0.32890625 0.50703125 0.075 0.12421875
0 0.40703125 0.5484375 0.08984375 0.1125
0 0.434375 0.65546875 0.1140625 0.1625
0 0.4984375 0.509375 0.1046875 0.1484375
0 0.58515625 0.525 0.1140625 0.12421875
0 0.6 0.42421875 0.0640625 0.1140625
0 0.384375 0.4359375 0.0953125 0.0984375
0 0.0703125 0.45 0.06640625 0.1015625
0 0.12109375 0.503125 0.07265625 0.12421875
0 0.1703125 0.4921875 0.0796875 0.115625