0 0.6828125 0.87265625 0.09140625 0.10859375
0 0.8328125 0.82734375 0.0640625 0.103125
0 0.5203125 0.82734375 0.0484375 0.09921875
0 0.4578125 0.9234375 0.05859375 0.084375
0 0.3203125 0.84140625 0.0546875 0.084375
0 0.26015625 0.78671875 0.04921875 0.06328125
0 0.23671875 0.93671875 0.04921875 0.08828125
0 0.12109375 0.95390625 0.09140625 0.0921875
0 0.14453125 0.825 0.0484375 0.075
0 0.0859375 0.803125 0.0359375 0.05625
0 0.03046875 0.80390625 0.05 0.075
0 0.13671875 0.7234375 0.02265625 0.05078125
0 0.36796875 0.7515625 0.02265625 0.05234375
0 0.39765625 0.725 0.02890625 0.04296875
0 0.55625 0.72578125 0.03359375 0.0546875
0 0.61640625 0.709375 0.02890625 0.0484375
0 0.7140625 0.790625 0.0453125 0.0640625
0 0.6828125 0.7125 0.01796875 0.05078125
0 0.4609375 0.7265625 0.02890625 0.0546875
0 0.27734375 0.7015625 0.0234375 0.0453125
0 0.175 0.71796875 0.0265625 0.0390625
0 0.20859375 0.65859375 0.021875 0.0359375
0 0.1359375 0.64296875 0.02265625 0.03125
0 0.09140625 0.7046875 0.02265625 0.0453125
0 0.1046875 0.7453125 0.02890625 0.046875
0 0.803125 0.68671875 0.02734375 0.04140625
0 0.78046875 0.771875 0.0328125 0.0625
0 0.390625 0.853125 0.0484375 0.07109375
0 0.3765625 0.9203125 0.05546875 0.07109375