0 0.55078125 0.73828125 0.23125 0.33203125
0 0.7453125 0.63984375 0.1046875 0.20859375
0 0.83671875 0.709375 0.12890625 0.253125
0 0.9265625 0.5375 0.0859375 0.11640625
0 0.7921875 0.5265625 0.0828125 0.13125
0 0.83359375 0.48203125 0.0859375 0.1140625
0 0.6734375 0.434375 0.0640625 0.1015625
0 0.76796875 0.4109375 0.0453125 0.07109375
0 0.6015625 0.4859375 0.09140625 0.1125
0 0.5890625 0.4125 0.07265625 0.075
0 0.49140625 0.47578125 0.11875 0.1765625
0 0.40625 0.60234375 0.1171875 0.21015625
0 0.3796875 0.45703125 0.08359375 0.16484375
0 0.24921875 0.4859375 0.17734375 0.21953125
0 0.140625 0.71953125 0.28125 0.5609375
0 0.9265625 0.421875 0.05390625 0.06953125
0 0.8140625 0.4015625 0.03984375 0.0640625