0 0.4078125 0.37421875 0.41484375 0.653125
0 0.8859375 0.36875 0.1375 0.39609375
0 0.6140625 0.228125 0.0640625 0.09765625
0 0.0765625 0.23515625 0.14609375 0.27890625
0 0.16484375 0.3109375 0.0484375 0.08359375
0 0.10078125 0.3953125 0.07734375 0.11171875
0 0.72265625 0.16328125 0.0234375 0.0640625
0 0.9671875 0.11953125 0.03359375 0.09140625
0 0.7390625 0.2140625 0.03359375 0.05390625
0 0.69296875 0.2140625 0.02890625 0.0640625
0 0.6390625 0.28359375 0.05859375 0.0640625
0 0.675 0.334375 0.05625 0.10234375
0 0.18046875 0.22109375 0.03515625 0.0625
0 0.2109375 0.18046875 0.053125 0.08671875