0 0.2546875 0.65546875 0.47109375 0.66953125
0 0.6078125 0.63671875 0.36875 0.5140625
0 0.734375 0.79296875 0.378125 0.4140625
0 0.915625 0.76328125 0.16875 0.47265625
0 0.80859375 0.4515625 0.02421875 0.03125
0 0.91953125 0.49921875 0.0171875 0.040625
0 0.8109375 0.5796875 0.02578125 0.03125
0 0.240625 0.3234375 0.0171875 0.02421875
0 0.36875 0.32890625 0.021875 0.02734375
0 0.08359375 0.35625 0.015625 0.02421875
0 0.0203125 0.40625 0.01640625 0.03046875
0 0.50390625 0.3703125 0.015625 0.02890625
0 0.6359375 0.26640625 0.015625 0.02109375
0 0.77890625 0.41015625 0.015625 0.03125
0 0.94765625 0.3734375 0.0203125 0.0296875
0 0.9734375 0.48984375 0.021875 0.03203125