0 0.2953125 0.509375 0.12890625 0.19921875
0 0.85703125 0.39765625 0.1515625 0.36796875
0 0.9484375 0.2609375 0.0640625 0.103125
0 0.81640625 0.140625 0.04765625 0.08984375
0 0.246875 0.1734375 0.1109375 0.1578125
0 0.3765625 0.31328125 0.11015625 0.1875
0 0.7109375 0.5875 0.12890625 0.37734375
0 0.4609375 0.83046875 0.0875 0.2328125
0 0.3421875 0.940625 0.1265625 0.11796875
0 0.10078125 0.66328125 0.16484375 0.1859375
0 0.0421875 0.06484375 0.084375 0.1203125
0 0.77109375 0.10078125 0.05390625 0.1109375
0 0.59453125 0.73671875 0.1203125 0.25546875