0 0.634375 0.63828125 0.15234375 0.23984375
0 0.7578125 0.7484375 0.16875 0.20625
0 0.81328125 0.53203125 0.0796875 0.12734375
0 0.8875 0.53671875 0.0921875 0.11796875
0 0.74765625 0.46796875 0.06484375 0.1125
0 0.85859375 0.403125 0.03984375 0.07109375
0 0.8015625 0.43359375 0.03984375 0.06015625
0 0.9140625 0.45 0.0421875 0.06171875
0 0.3390625 0.4296875 0.07734375 0.1484375
0 0.45546875 0.4703125 0.06875 0.1234375
0 0.3203125 0.66015625 0.075 0.1875
0 0.19921875 0.8140625 0.06953125 0.16796875
0 0.23984375 0.47109375 0.0875 0.14453125
0 0.16171875 0.5296875 0.05390625 0.16484375
0 0.09375 0.47890625 0.06875 0.1109375
0 0.66953125 0.359375 0.02265625 0.04140625
0 0.72265625 0.3890625 0.0171875 0.03203125