0 0.41328125 0.671875 0.16328125 0.09453125
0 0.77421875 0.565625 0.13515625 0.1078125
0 0.89921875 0.74140625 0.1390625 0.121875
0 0.68515625 0.77578125 0.1984375 0.1109375
0 0.1015625 0.696875 0.14375 0.1234375
0 0.2609375 0.6484375 0.12265625 0.0796875
0 0.103125 0.4859375 0.12734375 0.09296875
0 0.59609375 0.4859375 0.10546875 0.0875
0 0.796875 0.32578125 0.1375 0.09140625
0 0.33828125 0.2609375 0.12265625 0.0890625
0 0.25 0.1609375 0.1390625 0.0640625
0 0.115625 0.2296875 0.10390625 0.07421875
0 0.046875 0.36171875 0.09296875 0.0765625
0 0.30703125 0.403125 0.15 0.11015625
0 0.49453125 0.35859375 0.1359375 0.09921875
0 0.76328125 0.4203125 0.10546875 0.05703125
0 0.9015625 0.46953125 0.09921875 0.08359375
0 0.60703125 0.25625 0.09453125 0.0546875
0 0.65703125 0.19140625 0.07109375 0.0578125
0 0.3921875 0.559375 0.1171875 0.07421875
0 0.22109375 0.55703125 0.12734375 0.08359375
0 0.45546875 0.090625 0.0640625 0.0546875
0 0.81875 0.19296875 0.1171875 0.05546875
0 0.9546875 0.18125 0.0890625 0.07421875
0 0.42109375 0.22109375 0.0890625 0.06875
0 0.9578125 0.3546875 0.084375 0.0953125
0 0.48828125 0.48203125 0.07578125 0.08203125
0 0.125 0.42734375 0.12578125 0.103125
0 0.67890625 0.49609375 0.12421875 0.08359375
0 0.4921875 0.56640625 0.10703125 0.0765625