0 0.346875 0.9296875 0.0640625 0.08984375
0 0.41953125 0.96015625 0.04765625 0.078125
0 0.525 0.93828125 0.04609375 0.09921875
0 0.6046875 0.909375 0.0453125 0.084375
0 0.7609375 0.86953125 0.0453125 0.08203125
0 0.82109375 0.94765625 0.05234375 0.1046875
0 0.91640625 0.8921875 0.05234375 0.0875
0 0.7921875 0.8046875 0.04140625 0.07265625
0 0.8859375 0.73046875 0.0453125 0.065625
0 0.5078125 0.7046875 0.04140625 0.046875
0 0.55 0.7625 0.0484375 0.065625
0 0.39921875 0.85390625 0.0453125 0.084375
0 0.34453125 0.8484375 0.0515625 0.078125
0 0.221875 0.88125 0.0375 0.08046875
0 0.1375 0.925 0.05859375 0.0671875
0 0.08984375 0.865625 0.0609375 0.096875
0 0.08515625 0.9453125 0.0796875 0.109375
0 0.1765625 0.73515625 0.05625 0.078125
0 0.2546875 0.70625 0.0421875 0.0578125
0 0.4109375 0.7328125 0.05 0.05390625
0 0.6859375 0.678125 0.04140625 0.06953125
0 0.76796875 0.7296875 0.0359375 0.06328125
0 0.82578125 0.72421875 0.03515625 0.075
0 0.32578125 0.753125 0.04140625 0.05625
0 0.28515625 0.89375 0.05859375 0.09375
0 0.96875 0.765625 0.0421875 0.05234375
0 0.0953125 0.7375 0.04765625 0.05625