0 0.5203125 0.846875 0.0734375 0.09375
0 0.2875 0.74296875 0.0640625 0.09375
0 0.34296875 0.83984375 0.05234375 0.075
0 0.4171875 0.8328125 0.0640625 0.07890625
0 0.83515625 0.76484375 0.0640625 0.08828125
0 0.96796875 0.88359375 0.0640625 0.1125
0 0.86484375 0.91875 0.07734375 0.09765625
0 0.734375 0.88828125 0.06640625 0.0640625
0 0.67265625 0.82890625 0.0671875 0.09453125
0 0.5375 0.97109375 0.06328125 0.0578125
0 0.07578125 0.96171875 0.05390625 0.0671875
0 0.24140625 0.8765625 0.06015625 0.06953125
0 0.27734375 0.8921875 0.06640625 0.075
0 0.1421875 0.83359375 0.03984375 0.05234375
0 0.23828125 0.728125 0.0375 0.05625
0 0.4 0.7203125 0.05 0.05625
0 0.60703125 0.75859375 0.03125 0.05078125
0 0.0859375 0.7296875 0.0453125 0.06171875
0 0.04765625 0.846875 0.0453125 0.0578125