0 0.47890625 0.6015625 0.57265625 0.796875
0 0.834375 0.33671875 0.1171875 0.18203125
0 0.721875 0.35625 0.1109375 0.1359375
0 0.16171875 0.37421875 0.2171875 0.3703125
0 0.11796875 0.61640625 0.1078125 0.2359375
0 0.58671875 0.08828125 0.0890625 0.125
0 0.803125 0.09296875 0.06875 0.11328125
0 0.9078125 0.1546875 0.0421875 0.08984375
0 0.90859375 0.271875 0.08984375 0.159375
0 0.9328125 0.703125 0.13359375 0.30546875
0 0.5234375 0.19453125 0.0890625 0.13984375
0 0.4609375 0.12890625 0.09140625 0.13046875
0 0.2796875 0.18125 0.12421875 0.19609375
0 0.959375 0.13046875 0.05234375 0.09375