0 0.42734375 0.60703125 0.090625 0.08359375
0 0.77265625 0.6265625 0.41015625 0.428125
0 0.2890625 0.57421875 0.0546875 0.1
0 0.03046875 0.55625 0.0609375 0.0875
0 0.18671875 0.446875 0.0453125 0.05625
0 0.3734375 0.4109375 0.05625 0.0703125
0 0.08515625 0.39921875 0.0421875 0.04296875
0 0.1546875 0.3921875 0.03046875 0.04453125
0 0.07421875 0.34140625 0.03203125 0.03515625
0 0.559375 0.5265625 0.04609375 0.05234375
0 0.28828125 0.49296875 0.04765625 0.0546875
0 0.3546875 0.61875 0.06875 0.1109375