0 0.64921875 0.5640625 0.1875 0.2953125
0 0.32109375 0.41640625 0.16484375 0.221875
0 0.15078125 0.575 0.1703125 0.22109375
0 0.3796875 0.253125 0.12890625 0.1890625
0 0.54921875 0.1046875 0.12578125 0.16171875
0 0.5609375 0.253125 0.10625 0.1671875
0 0.72421875 0.1796875 0.08828125 0.1375
0 0.925 0.35390625 0.09296875 0.16796875
0 0.84921875 0.2515625 0.06328125 0.12421875
0 0.1921875 0.20078125 0.096875 0.1421875
0 0.06640625 0.26484375 0.08046875 0.0875
0 0.09296875 0.42421875 0.07265625 0.1453125
0 0.1015625 0.14453125 0.0703125 0.10625