0 0.421875 0.81796875 0.1515625 0.23671875
0 0.6671875 0.77890625 0.1625 0.22890625
0 0.8203125 0.71953125 0.1125 0.17109375
0 0.9296875 0.56953125 0.1375 0.2140625
0 0.75 0.5234375 0.1609375 0.19140625
0 0.5140625 0.490625 0.1703125 0.20625
0 0.25234375 0.509375 0.13515625 0.1859375
0 0.096875 0.5109375 0.1421875 0.19296875
0 0.0453125 0.6859375 0.090625 0.1625
0 0.26640625 0.4125 0.15390625 0.18984375
0 0.4140625 0.40703125 0.12578125 0.1921875
0 0.5578125 0.3421875 0.1078125 0.16484375
0 0.6921875 0.3796875 0.0875 0.1671875
0 0.9 0.35703125 0.1125 0.18203125
0 0.73671875 0.27109375 0.084375 0.1125
0 0.33046875 0.2484375 0.08359375 0.1203125
0 0.06640625 0.26484375 0.0765625 0.10703125
0 0.2125 0.2625 0.07890625 0.10859375
0 0.51796875 0.23671875 0.06875 0.09921875
0 0.83671875 0.15546875 0.05390625 0.0921875
0 0.7234375 0.16875 0.06640625 0.075
0 0.28359375 0.7984375 0.1078125 0.2109375