0 0.37734375 0.603125 0.0328125 0.084375
0 0.43046875 0.57734375 0.025 0.0671875
0 0.67734375 0.60859375 0.0328125 0.05078125
0 0.77421875 0.59296875 0.01796875 0.04296875
0 0.834375 0.5625 0.02265625 0.05859375
0 0.92578125 0.603125 0.025 0.06015625
0 0.8734375 0.6 0.03203125 0.06015625
0 0.075 0.5765625 0.028125 0.0546875
0 0.16640625 0.50078125 0.01875 0.05078125
0 0.1828125 0.55546875 0.02578125 0.07109375
0 0.2921875 0.54609375 0.02265625 0.05078125
0 0.515625 0.6046875 0.025 0.05859375
0 0.5796875 0.5890625 0.01953125 0.0578125
0 0.91015625 0.515625 0.0234375 0.05625
0 0.97578125 0.54375 0.02421875 0.06484375