0 0.5296875 0.84453125 0.11875 0.1296875
0 0.71875 0.8546875 0.05 0.0546875
0 0.77265625 0.80234375 0.0515625 0.0734375
0 0.84765625 0.75703125 0.03515625 0.04140625
0 0.94453125 0.87578125 0.07265625 0.08828125
0 0.81953125 0.9375 0.0890625 0.08828125
0 0.72734375 0.93359375 0.1234375 0.1328125
0 0.57265625 0.93671875 0.1203125 0.11328125
0 0.39140625 0.81171875 0.10234375 0.1265625
0 0.284375 0.78203125 0.08515625 0.13515625
0 0.21484375 0.8109375 0.0859375 0.11640625
0 0.1625 0.759375 0.0609375 0.08671875
0 0.10546875 0.81796875 0.05859375 0.109375
0 0.0734375 0.70234375 0.0515625 0.0546875
0 0.13515625 0.68203125 0.03515625 0.05
0 0.5015625 0.71640625 0.02578125 0.028125
0 0.546875 0.715625 0.02890625 0.03984375
0 0.57578125 0.7203125 0.03984375 0.03359375
0 0.64296875 0.7125 0.02578125 0.03515625
0 0.6828125 0.77890625 0.03515625 0.0484375
0 0.62578125 0.81328125 0.05 0.0546875
0 0.7671875 0.72734375 0.02890625 0.03828125
0 0.75703125 0.7 0.02890625 0.0296875
0 0.865625 0.72421875 0.03203125 0.03984375
0 0.90234375 0.7953125 0.0453125 0.053125
0 0.94765625 0.78515625 0.03515625 0.03984375
0 0.96953125 0.68671875 0.04140625 0.04140625
0 0.68515625 0.7046875 0.03359375 0.03828125
0 0.4640625 0.746875 0.02890625 0.03203125