0 0.35390625 0.8609375 0.2 0.25625
0 0.61640625 0.8625 0.20859375 0.275
0 0.7140625 0.67734375 0.15859375 0.2375
0 0.8515625 0.91328125 0.19765625 0.1734375
0 0.9515625 0.54921875 0.08984375 0.1828125
0 0.57890625 0.63125 0.11484375 0.165625
0 0.44765625 0.60234375 0.10234375 0.1375
0 0.3640625 0.6875 0.0859375 0.13359375
0 0.2578125 0.76953125 0.14375 0.18828125
0 0.09921875 0.796875 0.1859375 0.26328125
0 0.1328125 0.65703125 0.09375 0.1203125
0 0.23046875 0.49609375 0.09609375 0.16953125
0 0.3328125 0.4875 0.09609375 0.1390625
0 0.0328125 0.51484375 0.065625 0.1546875
0 0.44453125 0.42109375 0.07734375 0.1203125
0 0.51171875 0.4359375 0.0703125 0.11484375
0 0.74375 0.47734375 0.07265625 0.1
0 0.82109375 0.5734375 0.0859375 0.11328125
0 0.81328125 0.44765625 0.07734375 0.08671875
0 0.64609375 0.4359375 0.06640625 0.0828125
0 0.8875 0.4671875 0.04765625 0.06796875
0 0.24140625 0.62890625 0.09375 0.13359375
0 0.17734375 0.4375 0.08984375 0.14140625
0 0.24453125 0.40703125 0.075 0.1203125