0 0.23515625 0.81796875 0.17890625 0.284375
0 0.421875 0.85625 0.1703125 0.20546875
0 0.5265625 0.753125 0.12890625 0.15703125
0 0.4078125 0.66171875 0.1125 0.1890625
0 0.66640625 0.67109375 0.11875 0.1609375
0 0.7109375 0.88359375 0.15625 0.2328125
0 0.8921875 0.82734375 0.13125 0.2203125
0 0.7875 0.75078125 0.11640625 0.16640625
0 0.1265625 0.6703125 0.0859375 0.1328125
0 0.22578125 0.61875 0.075 0.115625
0 0.0484375 0.7609375 0.09609375 0.14609375
0 0.3015625 0.665625 0.0765625 0.103125
0 0.903125 0.68203125 0.05625 0.084375