0 0.51875 0.8859375 0.13359375 0.1734375
0 0.7125 0.821875 0.13125 0.15078125
0 0.82734375 0.73984375 0.08984375 0.1359375
0 0.9234375 0.9171875 0.0984375 0.165625
0 0.92890625 0.5375 0.08515625 0.128125
0 0.66953125 0.62109375 0.07265625 0.10390625
0 0.5875 0.7171875 0.1015625 0.1109375
0 0.4140625 0.7 0.09375 0.1109375
0 0.25625 0.93046875 0.0953125 0.12421875
0 0.1 0.890625 0.13125 0.14296875
0 0.15234375 0.58671875 0.08359375 0.0921875
0 0.22890625 0.496875 0.0828125 0.10703125
0 0.36953125 0.5421875 0.06875 0.084375
0 0.47265625 0.503125 0.05234375 0.0828125
0 0.515625 0.5078125 0.0765625 0.10390625
0 0.6 0.509375 0.0640625 0.071875
0 0.60625 0.38046875 0.06015625 0.084375
0 0.66484375 0.353125 0.05390625 0.084375
0 0.75078125 0.41875 0.0796875 0.09453125
0 0.78828125 0.31484375 0.04765625 0.07890625
0 0.8265625 0.26015625 0.0453125 0.075
0 0.971875 0.296875 0.05625 0.084375
0 0.8703125 0.3890625 0.03984375 0.0640625
0 0.2671875 0.2703125 0.0359375 0.0640625
0 0.28203125 0.21015625 0.0484375 0.05625
0 0.4453125 0.40546875 0.0640625 0.0921875
0 0.3796875 0.425 0.09140625 0.09765625
0 0.06328125 0.3734375 0.05859375 0.065625
0 0.15234375 0.2515625 0.0453125 0.0734375
0 0.2 0.2890625 0.0578125 0.06796875
0 0.2 0.35390625 0.0453125 0.06015625
0 0.3515625 0.1734375 0.05625 0.05625
0 0.4328125 0.21484375 0.04765625 0.0546875
0 0.496875 0.25234375 0.05234375 0.06796875
0 0.546875 0.18828125 0.05234375 0.06796875
0 0.6 0.08125 0.03359375 0.065625
0 0.5109375 0.09140625 0.04765625 0.071875
0 0.4390625 0.11015625 0.03359375 0.046875
0 0.42421875 0.06953125 0.0359375 0.05625
0 0.2859375 0.1328125 0.0453125 0.05625
0 0.1765625 0.18828125 0.03984375 0.075
0 0.1828125 0.1375 0.0328125 0.0546875
0 0.0921875 0.140625 0.05234375 0.05078125
0 0.07734375 0.190625 0.03359375 0.05078125
0 0.0484375 0.30234375 0.0359375 0.05078125
0 0.6984375 0.18046875 0.05 0.0640625
0 0.6390625 0.25703125 0.04765625 0.0625
0 0.8078125 0.19375 0.05 0.075
0 0.9296875 0.196875 0.03125 0.071875
0 0.68046875 0.4890625 0.0453125 0.075