0 0.4671875 0.89375 0.0640625 0.08046875
0 0.6109375 0.81953125 0.05234375 0.084375
0 0.7046875 0.8234375 0.0515625 0.06875
0 0.7953125 0.91328125 0.07109375 0.09296875
0 0.90546875 0.80390625 0.0421875 0.059375
0 0.94765625 0.8015625 0.03515625 0.07890625
0 0.2765625 0.9203125 0.0984375 0.1140625
0 0.30703125 0.79140625 0.0625 0.08984375
0 0.3734375 0.76171875 0.0484375 0.06171875
0 0.46484375 0.790625 0.0546875 0.08046875
0 0.56484375 0.7796875 0.04375 0.06328125
0 0.6203125 0.7421875 0.03125 0.0453125
0 0.70078125 0.728125 0.0421875 0.06171875
0 0.7796875 0.72421875 0.0421875 0.06484375
0 0.8265625 0.740625 0.04375 0.0546875
0 0.9171875 0.7015625 0.03984375 0.05625
0 0.17734375 0.76015625 0.04375 0.06171875
0 0.240625 0.734375 0.05625 0.0703125
0 0.1375 0.7484375 0.0515625 0.06875
0 0.07578125 0.74765625 0.0328125 0.04921875
0 0.0265625 0.71328125 0.03984375 0.040625
0 0.40234375 0.71015625 0.0421875 0.05625
0 0.4453125 0.725 0.040625 0.04296875
0 0.5015625 0.71328125 0.0390625 0.04921875
0 0.575 0.69921875 0.0234375 0.05234375
0 0.6078125 0.66640625 0.03515625 0.0453125
0 0.63984375 0.67109375 0.0328125 0.03671875
0 0.7 0.63828125 0.02109375 0.03359375
0 0.821875 0.646875 0.01484375 0.02421875
0 0.796875 0.78125 0.02734375 0.05234375
0 0.1953125 0.71328125 0.03359375 0.0578125
0 0.1546875 0.70546875 0.0390625 0.04609375
0 0.2203125 0.8125 0.0421875 0.05703125
0 0.846875 0.78203125 0.03046875 0.053125
0 0.96015625 0.7171875 0.03671875 0.05234375
0 0.6578125 0.746875 0.04375 0.06640625
0 0.575 0.8765625 0.05078125 0.05859375