0 0.29375 0.628125 0.43359375 0.66875
0 0.5984375 0.6515625 0.0890625 0.16875
0 0.6390625 0.36875 0.0703125 0.1140625
0 0.5375 0.45859375 0.0609375 0.09921875
0 0.70546875 0.31328125 0.05 0.0671875
0 0.78359375 0.26328125 0.0625 0.08203125
0 0.91953125 0.38515625 0.0609375 0.0953125
0 0.96875 0.5984375 0.0625 0.159375
0 0.3640625 0.2625 0.0625 0.0953125
0 0.190625 0.15234375 0.05625 0.06328125
0 0.2078125 0.23515625 0.02890625 0.04296875
0 0.1265625 0.35859375 0.0625 0.08984375
0 0.08984375 0.13515625 0.03671875 0.05
0 0.6015625 0.1078125 0.05 0.0453125
0 0.4265625 0.14765625 0.0375 0.06328125
0 0.4609375 0.1796875 0.05234375 0.07109375
0 0.85859375 0.14453125 0.04140625 0.0546875
0 0.66875 0.1765625 0.03828125 0.05390625
0 0.0140625 0.0921875 0.028125 0.040625
0 0.4671875 0.36953125 0.04296875 0.07265625
0 0.346875 0.19453125 0.0484375 0.0671875