0 0.5484375 0.14453125 0.225 0.1875
0 0.9046875 0.17890625 0.190625 0.17109375
0 0.271875 0.28203125 0.09609375 0.08828125
0 0.4296875 0.35546875 0.09609375 0.0796875
0 0.15390625 0.428125 0.12109375 0.11171875
0 0.17734375 0.246875 0.153125 0.1390625
0 0.078125 0.21640625 0.15 0.11796875
0 0.09296875 0.1421875 0.13671875 0.0875
0 0.19296875 0.146875 0.09453125 0.07265625
0 0.346875 0.16015625 0.10078125 0.07890625
0 0.43828125 0.21640625 0.190625 0.16796875
0 0.665625 0.1234375 0.15078125 0.14296875
0 0.7375 0.2421875 0.0921875 0.0765625