0 0.26171875 0.89375 0.0703125 0.05703125
0 0.48671875 0.83828125 0.04375 0.0328125
0 0.5984375 0.853125 0.0515625 0.04609375
0 0.665625 0.871875 0.0578125 0.05078125
0 0.7875 0.88125 0.0609375 0.053125
0 0.8984375 0.8921875 0.04609375 0.05234375
0 0.0296875 0.87421875 0.0515625 0.0390625
0 0.190625 0.8359375 0.03671875 0.0328125
0 0.465625 0.79609375 0.0390625 0.034375
0 0.2875 0.8015625 0.040625 0.04140625
0 0.11484375 0.78046875 0.0359375 0.0390625
0 0.075 0.83671875 0.04765625 0.04140625
0 0.01875 0.8328125 0.0296875 0.04609375
0 0.4203125 0.884375 0.0546875 0.053125
0 0.9546875 0.871875 0.04375 0.05078125
0 0.19375 0.8765625 0.04765625 0.04140625
0 0.13125 0.86328125 0.05625 0.04296875
0 0.28828125 0.8546875 0.0390625 0.0390625
0 0.3515625 0.8921875 0.053125 0.04921875
0 0.36171875 0.8390625 0.040625 0.04453125