0 0.215625 0.8671875 0.1078125 0.16484375
0 0.4015625 0.946875 0.1078125 0.10625
0 0.55 0.92734375 0.1 0.115625
0 0.74140625 0.909375 0.09140625 0.1328125
0 0.8921875 0.86015625 0.07734375 0.1234375
0 0.78203125 0.7671875 0.05859375 0.0875
0 0.5359375 0.74765625 0.04765625 0.075
0 0.6015625 0.73046875 0.0453125 0.078125
0 0.41015625 0.796875 0.06015625 0.0859375
0 0.32578125 0.75859375 0.04765625 0.078125
0 0.0984375 0.7875 0.06640625 0.09921875
0 0.0390625 0.77109375 0.07109375 0.115625
0 0.2640625 0.6953125 0.03515625 0.084375
0 0.17734375 0.72578125 0.04921875 0.065625
0 0.48984375 0.69453125 0.0421875 0.075
0 0.63984375 0.6609375 0.03515625 0.05078125
0 0.840625 0.7078125 0.0421875 0.065625
0 0.98125 0.6296875 0.0359375 0.0484375
0 0.86796875 0.678125 0.03828125 0.05078125
0 0.8703125 0.63046875 0.0359375 0.04296875
0 0.70078125 0.78984375 0.0828125 0.103125
0 0.54921875 0.8125 0.03515625 0.05390625
0 0.475 0.77734375 0.0453125 0.07109375
0 0.3546875 0.69453125 0.0421875 0.0765625
0 0.4296875 0.66640625 0.03359375 0.05
0 0.0796875 0.69453125 0.03359375 0.05078125
0 0.7546875 0.66015625 0.0359375 0.05078125
0 0.69765625 0.67421875 0.0265625 0.04453125
0 0.8171875 0.6203125 0.02265625 0.0375
0 0.5625 0.6546875 0.0328125 0.05078125
0 0.21875 0.715625 0.03984375 0.05234375
0 0.11640625 0.69453125 0.0359375 0.0484375
0 0.9484375 0.77734375 0.03515625 0.04453125
0 0.31015625 0.86796875 0.0453125 0.07109375
0 0.40625 0.740625 0.03671875 0.05703125