0 0.5140625 0.79140625 0.07265625 0.290625
0 0.5921875 0.78359375 0.07421875 0.2328125
0 0.4359375 0.528125 0.04140625 0.1515625
0 0.33359375 0.57578125 0.046875 0.14453125
0 0.11796875 0.47421875 0.07265625 0.14453125
0 0.0515625 0.57109375 0.034375 0.08671875
0 0.2234375 0.57578125 0.03671875 0.0984375
0 0.26015625 0.48515625 0.034375 0.09375
0 0.70546875 0.56953125 0.06484375 0.21953125
0 0.8390625 0.6171875 0.028125 0.1515625
0 0.5 0.55703125 0.0421875 0.115625
0 0.3875 0.8265625 0.09921875 0.28671875
0 0.35625 0.47109375 0.0390625 0.08671875
0 0.38984375 0.59296875 0.046875 0.13046875
0 0.2265625 0.82109375 0.0328125 0.1078125
0 0.796875 0.58046875 0.02578125 0.11796875