0 0.10703125 0.8265625 0.1953125 0.290625
0 0.66796875 0.821875 0.28125 0.353125
0 0.715625 0.52421875 0.090625 0.128125
0 0.33671875 0.6984375 0.171875 0.225
0 0.86796875 0.64609375 0.121875 0.159375
0 0.5328125 0.54453125 0.1 0.1265625
0 0.50546875 0.69296875 0.1234375 0.1796875
0 0.921875 0.79140625 0.1546875 0.2921875
0 0.1984375 0.5984375 0.0875 0.1296875
0 0.81328125 0.48671875 0.0546875 0.075
0 0.90546875 0.49140625 0.0546875 0.09375
0 0.02890625 0.51875 0.0578125 0.06875
0 0.27109375 0.44765625 0.040625 0.0578125
0 0.44609375 0.45625 0.0421875 0.0640625
0 0.10390625 0.4625 0.040625 0.0703125
0 0.146875 0.46640625 0.04375 0.071875
0 0.38671875 0.5640625 0.0578125 0.0765625
0 0.18046875 0.4578125 0.0359375 0.059375
0 0.6453125 0.47421875 0.046875 0.0734375
0 0.04765625 0.6203125 0.0890625 0.0984375
0 0.31171875 0.571875 0.0671875 0.090625
0 0.32890625 0.44765625 0.0296875 0.04375
0 0.384375 0.5 0.0375 0.0578125
0 0.5671875 0.44921875 0.034375 0.053125
0 0.734375 0.43046875 0.025 0.04375
0 0.6 0.4234375 0.028125 0.0453125
0 0.46796875 0.49375 0.0296875 0.053125
0 0.5015625 0.428125 0.028125 0.0359375
0 0.5859375 0.4765625 0.034375 0.0515625
0 0.40546875 0.4703125 0.0328125 0.0484375
0 0.60625 0.61484375 0.0765625 0.1328125
0 0.66796875 0.459375 0.0296875 0.05
0 0.01484375 0.43125 0.0265625 0.0390625
0 0.9234375 0.45 0.03125 0.046875
0 0.98984375 0.47421875 0.0203125 0.0453125
0 0.2640625 0.421875 0.025 0.03125
0 0.4 0.43515625 0.021875 0.021875
0 0.346875 0.42109375 0.0234375 0.03125
0 0.371875 0.45 0.0125 0.0140625
0 0.3859375 0.41484375 0.015625 0.0234375
0 0.196875 0.41953125 0.0171875 0.0234375
0 0.22578125 0.39921875 0.015625 0.0234375
0 0.2453125 0.4046875 0.015625 0.021875
0 0.27109375 0.40703125 0.009375 0.015625
0 0.28984375 0.40859375 0.0140625 0.021875
0 0.3078125 0.40234375 0.0109375 0.0203125
0 0.33515625 0.409375 0.0140625 0.0234375
0 0.37578125 0.42109375 0.0125 0.0171875
0 0.4078125 0.4 0.0140625 0.0171875
0 0.4 0.3921875 0.0140625 0.0203125
0 0.43125 0.390625 0.0109375 0.01875
0 0.103125 0.41015625 0.0234375 0.0328125
0 0.128125 0.40703125 0.0171875 0.028125
0 0.14140625 0.409375 0.0125 0.01875
0 0.15 0.3875 0.0125 0.0171875
0 0.15703125 0.41171875 0.0140625 0.0171875
0 0.16953125 0.409375 0.0140625 0.0234375
0 0.071875 0.39375 0.0140625 0.0234375
0 0.05625 0.40390625 0.0109375 0.015625
0 0.0328125 0.42734375 0.0125 0.028125
0 0.0421875 0.42578125 0.009375 0.0171875
0 0.04453125 0.40234375 0.0109375 0.015625
0 0.08828125 0.39921875 0.0125 0.0203125
0 0.203125 0.39375 0.0140625 0.025
0 0.1796875 0.3953125 0.0125 0.015625
0 0.1890625 0.40390625 0.0140625 0.015625
0 0.18984375 0.39296875 0.0125 0.015625
0 0.66328125 0.40546875 0.0203125 0.0375
0 0.68515625 0.4171875 0.0140625 0.028125
0 0.80078125 0.4421875 0.0171875 0.0265625
0 0.78125 0.41015625 0.0203125 0.0265625
0 0.8546875 0.409375 0.0140625 0.021875
0 0.8125 0.4140625 0.0171875 0.025
0 0.9546875 0.42578125 0.0296875 0.0609375
0 0.89140625 0.4234375 0.0140625 0.0234375
0 0.84140625 0.4171875 0.0140625 0.021875
0 0.9828125 0.40390625 0.0140625 0.01875