0 0.68359375 0.596875 0.1796875 0.1953125
0 0.090625 0.5265625 0.18125 0.1890625
0 0.88828125 0.53046875 0.2203125 0.2359375
0 0.3859375 0.6828125 0.1859375 0.2
0 0.5953125 0.8125 0.2265625 0.2
0 0.25859375 0.559375 0.1890625 0.1953125
0 0.5546875 0.33828125 0.1296875 0.16875
0 0.09296875 0.90546875 0.075 0.0875
0 0.83984375 0.1453125 0.1125 0.1078125
0 0.196875 0.3375 0.1375 0.146875
0 0.32890625 0.31484375 0.1703125 0.1734375
0 0.10625 0.22890625 0.1125 0.1171875
0 0.61328125 0.21484375 0.121875 0.121875
0 0.28515625 0.1625 0.0984375 0.0921875
0 0.88359375 0.359375 0.171875 0.1734375
0 0.40390625 0.240625 0.1046875 0.1265625
0 0.43828125 0.53828125 0.2015625 0.190625
0 0.90078125 0.18125 0.0875 0.0984375
0 0.7140625 0.20390625 0.1015625 0.0953125
0 0.04765625 0.25078125 0.0953125 0.115625
0 0.13046875 0.1640625 0.0765625 0.065625
0 0.03203125 0.14453125 0.0625 0.05625
0 0.77421875 0.28984375 0.153125 0.1625
0 0.61640625 0.11875 0.109375 0.075
0 0.528125 0.221875 0.1046875 0.13125
0 0.9546875 0.1921875 0.090625 0.1
0 0.68359375 0.321875 0.1 0.1328125
0 0.17734375 0.2859375 0.1125 0.115625
0 0.21640625 0.16484375 0.0734375 0.0828125
0 0.90703125 0.2734375 0.1328125 0.10625
0 0.8375 0.33046875 0.2 0.171875
0 0.4625 0.3125 0.1171875 0.1515625
0 0.37734375 0.2078125 0.1171875 0.103125
0 0.321875 0.21328125 0.0546875 0.065625
0 0.253125 0.2 0.125 0.0984375
0 0.19921875 0.23359375 0.0453125 0.0421875
0 0.04609375 0.1796875 0.090625 0.06875