0 0.81015625 0.35703125 0.3078125 0.35625
0 0.9515625 0.671875 0.0953125 0.171875
0 0.15 0.4390625 0.2484375 0.4359375
0 0.453125 0.6390625 0.084375 0.084375
0 0.53203125 0.671875 0.10625 0.1453125
0 0.37578125 0.6390625 0.059375 0.065625
0 0.44140625 0.29765625 0.3546875 0.4875
0 0.65859375 0.640625 0.1296875 0.1796875
0 0.84296875 0.69921875 0.146875 0.146875
0 0.75546875 0.72265625 0.0734375 0.1109375
0 0.22890625 0.59296875 0.053125 0.1015625
0 0.01484375 0.50625 0.0296875 0.103125
0 0.03671875 0.60625 0.059375 0.0875
0 0.32890625 0.6609375 0.0375 0.059375
0 0.309375 0.6125 0.0359375 0.0453125
0 0.25546875 0.653125 0.053125 0.0890625
0 0.303125 0.6515625 0.0203125 0.034375