0 0.3765625 0.69140625 0.05859375 0.071875
0 0.2875 0.83359375 0.0609375 0.09765625
0 0.14375 0.84296875 0.06484375 0.0828125
0 0.2546875 0.94921875 0.0828125 0.1015625
0 0.46328125 0.90859375 0.0703125 0.1203125
0 0.51484375 0.94921875 0.0828125 0.1015625
0 0.65546875 0.9390625 0.0671875 0.1
0 0.6578125 0.84921875 0.05234375 0.084375
0 0.7171875 0.82578125 0.0515625 0.08828125
0 0.778125 0.775 0.0484375 0.09765625
0 0.815625 0.80625 0.0453125 0.109375
0 0.8859375 0.7921875 0.05625 0.1015625
0 0.7140625 0.67109375 0.0609375 0.0921875
0 0.6171875 0.56875 0.05859375 0.084375
0 0.54609375 0.59921875 0.05625 0.08125
0 0.584375 0.72578125 0.05859375 0.1
0 0.528125 0.725 0.05234375 0.0921875
0 0.47890625 0.703125 0.0421875 0.06953125
0 0.46875 0.6375 0.0625 0.0828125
0 0.403125 0.58125 0.0546875 0.071875
0 0.1515625 0.61484375 0.0515625 0.08828125
0 0.10859375 0.75703125 0.07265625 0.084375
0 0.05859375 0.81796875 0.0546875 0.08828125
0 0.07734375 0.92734375 0.0671875 0.0921875
0 0.0484375 0.584375 0.05 0.07890625
0 0.359375 0.3859375 0.0453125 0.04921875
0 0.215625 0.30703125 0.03359375 0.05078125
0 0.1359375 0.30234375 0.03359375 0.0453125
0 0.0859375 0.4 0.03359375 0.05625
0 0.09140625 0.5296875 0.05 0.0671875
0 0.23359375 0.5015625 0.0421875 0.0625
0 0.25625 0.67734375 0.06171875 0.0875
0 0.6828125 0.40234375 0.04140625 0.05859375
0 0.6515625 0.3453125 0.02890625 0.04921875
0 0.55 0.42734375 0.0359375 0.0546875
0 0.79609375 0.32265625 0.0375 0.046875
0 0.79140625 0.51953125 0.04375 0.0625
0 0.79375 0.6296875 0.04140625 0.075
0 0.8734375 0.66484375 0.05859375 0.0921875
0 0.96796875 0.57734375 0.05 0.090625
0 0.86796875 0.559375 0.04765625 0.06015625
0 0.95703125 0.4625 0.04375 0.065625
0 0.8453125 0.42578125 0.03984375 0.06015625
0 0.7859375 0.43984375 0.03984375 0.06015625
0 0.7421875 0.4 0.0296875 0.05078125
0 0.896875 0.3640625 0.0390625 0.06015625
0 0.4796875 0.3234375 0.0359375 0.05078125
0 0.32421875 0.275 0.03359375 0.04921875
0 0.34609375 0.58984375 0.04765625 0.08125
0 0.16328125 0.38984375 0.03125 0.04296875
0 0.2078125 0.37578125 0.03984375 0.05625
0 0.3796875 0.4453125 0.0453125 0.06015625
0 0.446875 0.43515625 0.04140625 0.0640625
0 0.4421875 0.36796875 0.0375 0.046875
0 0.6046875 0.2953125 0.03359375 0.04296875
0 0.71796875 0.51484375 0.03984375 0.0640625
0 0.80625 0.9453125 0.0796875 0.109375
0 0.9 0.95546875 0.0609375 0.08828125
0 0.91171875 0.1859375 0.0328125 0.04921875
0 0.93125 0.22890625 0.03359375 0.05078125
0 0.81875 0.24765625 0.0359375 0.046875
0 0.721875 0.31796875 0.0296875 0.04921875
0 0.32109375 0.43984375 0.0453125 0.0625
0 0.19375 0.596875 0.04375 0.084375